0.000000000000000000e+00 6.493816152215003967e-03 3.837169885635375977e+00 9.947785735130310059e-01 5.829932913184165955e-02 9.948779344558715820e-01 5.803621187806129456e-02
3.149606287479400635e-02 5.449141841381788254e-03 3.740700006484985352e+00 9.943962693214416504e-01 5.981027334928512573e-02 9.943451285362243652e-01 6.033839657902717590e-02
6.299212574958801270e-02 5.139696877449750900e-03 3.630800008773803711e+00 9.936771392822265625e-01 6.292518973350524902e-02 9.937756061553955078e-01 6.266670674085617065e-02
9.448818862438201904e-02 5.139696877449750900e-03 3.613181591033935547e+00 9.932673573493957520e-01 6.465543061494827271e-02 9.931680560111999512e-01 6.502097845077514648e-02
1.259842514991760254e-01 4.991627763956785202e-03 3.512134790420532227e+00 9.925143718719482422e-01 6.748131662607192993e-02 9.925212264060974121e-01 6.740105152130126953e-02
1.574803143739700317e-01 4.847824573516845703e-03 3.401560783386230469e+00 9.917345643043518066e-01 7.004725933074951172e-02 9.918337464332580566e-01 6.980676949024200439e-02
1.889763772487640381e-01 5.292158108204603195e-03 3.406181573867797852e+00 9.910723567008972168e-01 7.268331199884414673e-02 9.911044239997863770e-01 7.223799824714660645e-02
2.204724401235580444e-01 5.292158108204603195e-03 3.317490100860595703e+00 9.902842640876770020e-01 7.496469467878341675e-02 9.903319478034973145e-01 7.469457387924194336e-02
2.519685029983520508e-01 5.449141841381788254e-03 3.238317489624023438e+00 9.894160628318786621e-01 7.739726454019546509e-02 9.895149469375610352e-01 7.717638462781906128e-02
2.834645807743072510e-01 5.777217913419008255e-03 3.193445444107055664e+00 9.885534048080444336e-01 7.989155501127243042e-02 9.886522293090820312e-01 7.968328148126602173e-02
3.149606287479400635e-01 6.125046405941247940e-03 3.144334554672241211e+00 9.876437187194824219e-01 8.231976628303527832e-02 9.877424836158752441e-01 8.221513777971267700e-02
3.464567065238952637e-01 6.589427124708890915e-03 3.141000032424926758e+00 9.867874979972839355e-01 8.476477116346359253e-02 9.867843985557556152e-01 8.477184176445007324e-02
3.779527544975280762e-01 7.089015562087297440e-03 3.114895105361938477e+00 9.858752489089965820e-01 8.724251389503479004e-02 9.857767224311828613e-01 8.735327422618865967e-02
4.094488322734832764e-01 7.738769054412841797e-03 3.065870046615600586e+00 9.846197962760925293e-01 9.032557904720306396e-02 9.847181439399719238e-01 8.995931595563888550e-02
4.409448802471160889e-01 8.325496688485145569e-03 3.041825532913208008e+00 9.835677146911621094e-01 9.283262491226196289e-02 9.836075305938720703e-01 9.258986264467239380e-02
4.724409580230712891e-01 8.956708014011383057e-03 2.993700027465820312e+00 9.823455810546875000e-01 9.536797553300857544e-02 9.824435114860534668e-01 9.524480253458023071e-02
5.039370059967041016e-01 9.777647443115711212e-03 2.987550020217895508e+00 9.811272621154785156e-01 9.832439571619033813e-02 9.812248349189758301e-01 9.792403876781463623e-02
5.354330539703369141e-01 1.036632899194955826e-02 2.954849958419799805e+00 9.800478816032409668e-01 1.002995595335960388e-01 9.799503684043884277e-01 1.006274595856666565e-01
5.669291615486145020e-01 1.131646893918514252e-02 2.941999912261962891e+00 9.787105917930603027e-01 1.033603996038436890e-01 9.786188602447509766e-01 1.033549830317497253e-01
5.984252095222473145e-01 1.226374320685863495e-02 2.914510011672973633e+00 9.772260189056396484e-01 1.061159968376159668e-01 9.772290587425231934e-01 1.061065122485160828e-01
6.299212574958801270e-01 1.329031120985746384e-02 2.891000032424926758e+00 9.756826162338256836e-01 1.088766828179359436e-01 9.757798314094543457e-01 1.088819503784179688e-01
6.614173054695129395e-01 1.440281141549348831e-02 2.886650085449218750e+00 9.742529988288879395e-01 1.119192093610763550e-01 9.742699265480041504e-01 1.116812154650688171e-01
6.929134130477905273e-01 1.549478434026241302e-02 2.851999998092651367e+00 9.727084040641784668e-01 1.145115196704864502e-01 9.726981520652770996e-01 1.145042181015014648e-01
7.244094610214233398e-01 1.679181493818759918e-02 2.836899995803833008e+00 9.709666967391967773e-01 1.174618378281593323e-01 9.710634946823120117e-01 1.173508763313293457e-01
7.559055089950561523e-01 1.806491613388061523e-02 2.831000089645385742e+00 9.693117141723632812e-01 1.202115491032600403e-01 9.693647027015686035e-01 1.202211081981658936e-01
7.874015569686889648e-01 1.943453773856163025e-02 2.813999891281127930e+00 9.676120877265930176e-01 1.231092736124992371e-01 9.676006436347961426e-01 1.231148391962051392e-01
8.188976645469665527e-01 2.090799994766712189e-02 2.710999965667724609e+00 9.658055305480957031e-01 1.260321885347366333e-01 9.657703042030334473e-01 1.260319948196411133e-01
8.503937125205993652e-01 2.249317616224288940e-02 2.786000013351440430e+00 9.638866186141967773e-01 1.289723962545394897e-01 9.638725519180297852e-01 1.289724856615066528e-01
8.818897604942321777e-01 2.419853396713733673e-02 2.766999959945678711e+00 9.618546962738037109e-01 1.319359093904495239e-01 9.619063735008239746e-01 1.319362670183181763e-01
9.133858084678649902e-01 2.603318728506565094e-02 2.758749961853027344e+00 9.597753286361694336e-01 1.351624429225921631e-01 9.598706364631652832e-01 1.349232494831085205e-01
9.448819160461425781e-01 2.780300937592983246e-02 2.743999958038330078e+00 9.577456116676330566e-01 1.379235237836837769e-01 9.577643871307373047e-01 1.379333585500717163e-01
9.763779640197753906e-01 2.969314903020858765e-02 2.740000009536743164e+00 9.556793570518493652e-01 1.409645974636077881e-01 9.555866122245788574e-01 1.409665495157241821e-01
1.007874011993408203e+00 3.182787448167800903e-02 2.719099998474121094e+00 9.533279538154602051e-01 1.440235972404479980e-01 9.533363580703735352e-01 1.440227478742599487e-01
1.039370059967041016e+00 3.399163484573364258e-02 2.710000038146972656e+00 9.510172009468078613e-01 1.470982432365417480e-01 9.510126709938049316e-01 1.471018791198730469e-01
1.070866107940673828e+00 3.630249947309494019e-02 2.695100069046020508e+00 9.485856294631958008e-01 1.502159386873245239e-01 9.486146569252014160e-01 1.502038985490798950e-01
1.102362155914306641e+00 3.862905129790306091e-02 2.690000057220458984e+00 9.461986422538757324e-01 1.533163785934448242e-01 9.461413621902465820e-01 1.533287465572357178e-01
1.133858323097229004e+00 4.125518351793289185e-02 2.671000003814697266e+00 9.435030817985534668e-01 1.564699560403823853e-01 9.435920119285583496e-01 1.564763337373733521e-01
1.165354371070861816e+00 4.373902827501296997e-02 2.668750047683715820e+00 9.410597085952758789e-01 1.596391946077346802e-01 9.409657120704650879e-01 1.596466451883316040e-01
1.196850419044494629e+00 4.654217511415481567e-02 2.654099941253662109e+00 9.382925629615783691e-01 1.628460884094238281e-01 9.382616877555847168e-01 1.628396064043045044e-01
1.228346467018127441e+00 4.952497035264968872e-02 2.639026403427124023e+00 9.353856444358825684e-01 1.660848110914230347e-01 9.354791641235351562e-01 1.660551577806472778e-01
1.259842514991760254e+00 5.250671505928039551e-02 2.628099918365478516e+00 9.325439929962158203e-01 1.693031638860702515e-01 9.326174259185791016e-01 1.692932397127151489e-01
1.291338562965393066e+00 5.566798150539398193e-02 2.619755029678344727e+00 9.295830130577087402e-01 1.726385056972503662e-01 9.296757578849792480e-01 1.725538223981857300e-01
1.322834610939025879e+00 5.880431458353996277e-02 2.612999916076660156e+00 9.266831278800964355e-01 1.758231520652770996e-01 9.266534447669982910e-01 1.758368462324142456e-01
1.354330658912658691e+00 6.223093718290328979e-02 2.510999917984008789e+00 9.235501885414123535e-01 1.791514158248901367e-01 9.235498905181884766e-01 1.791422665119171143e-01
1.385826826095581055e+00 6.585723906755447388e-02 2.588160037994384766e+00 9.202725291252136230e-01 1.825192868709564209e-01 9.203644990921020508e-01 1.824700087308883667e-01
1.417322874069213867e+00 6.944064795970916748e-02 2.579099893569946289e+00 9.170916676521301270e-01 1.858202368021011353e-01 9.170967340469360352e-01 1.858200579881668091e-01
1.448818922042846680e+00 7.321903854608535767e-02 2.581000089645385742e+00 9.137787818908691406e-01 1.891888529062271118e-01 9.137460589408874512e-01 1.891923546791076660e-01
1.480314970016479492e+00 7.720302045345306396e-02 2.559099912643432617e+00 9.103201627731323242e-01 1.925870031118392944e-01 9.103119969367980957e-01 1.925868391990661621e-01
1.511811017990112305e+00 8.140376955270767212e-02 2.546099901199340820e+00 9.067090153694152832e-01 1.960131078958511353e-01 9.067940711975097656e-01 1.960034966468811035e-01
1.543307065963745117e+00 8.552003651857376099e-02 2.537760019302368164e+00 9.032227396965026855e-01 1.993229389190673828e-01 9.031919836997985840e-01 1.994422674179077148e-01
1.574803113937377930e+00 9.000873565673828125e-02 2.529000043869018555e+00 8.994771838188171387e-01 2.028875052928924561e-01 8.995052576065063477e-01 2.029031068086624146e-01
1.606299161911010742e+00 9.456011652946472168e-02 2.518100023269653320e+00 8.957237005233764648e-01 2.064009159803390503e-01 8.957336544990539551e-01 2.063859701156616211e-01
1.637795329093933105e+00 9.916031360626220703e-02 2.509954929351806641e+00 8.919658660888671875e-01 2.098244726657867432e-01 8.918769359588623047e-01 2.098908275365829468e-01
1.669291377067565918e+00 1.041744500398635864e-01 2.497100114822387695e+00 8.879083991050720215e-01 2.134218662977218628e-01 8.879348039627075195e-01 2.134176343679428101e-01
1.700787425041198730e+00 1.092423722147941589e-01 2.487999916076660156e+00 8.838535547256469727e-01 2.169634699821472168e-01 8.839070796966552734e-01 2.169663459062576294e-01
1.732283473014831543e+00 1.143477261066436768e-01 2.480000019073486328e+00 8.798315525054931641e-01 2.205274552106857300e-01 8.797937035560607910e-01 2.205369323492050171e-01
1.763779520988464355e+00 1.196916773915290833e-01 2.469099998474121094e+00 8.756623864173889160e-01 2.241484224796295166e-01 8.755945563316345215e-01 2.241293489933013916e-01
1.795275568962097168e+00 1.252853721380233765e-01 2.459000110626220703e+00 8.713206648826599121e-01 2.277404516935348511e-01 8.713096380233764648e-01 2.277435809373855591e-01
1.826771616935729980e+00 1.311405003070831299e-01 2.448950052261352539e+00 8.668596148490905762e-01 2.315628826618194580e-01 8.669389486312866211e-01 2.313795536756515503e-01
1.858267664909362793e+00 1.367685794830322266e-01 2.437764883041381836e+00 8.625687360763549805e-01 2.349534034729003906e-01 8.624824881553649902e-01 2.350372672080993652e-01
1.889763832092285156e+00 1.428990364074707031e-01 2.427099943161010742e+00 8.579797744750976562e-01 2.387245893478393555e-01 8.579404354095458984e-01 2.387166619300842285e-01
1.921259880065917969e+00 1.491679549217224121e-01 2.416100025177001953e+00 8.533185124397277832e-01 2.424259185791015625e-01 8.533130288124084473e-01 2.424177229404449463e-01
1.952755928039550781e+00 1.555697172880172729e-01 2.406300067901611328e+00 8.486049175262451172e-01 2.461187392473220825e-01 8.486003279685974121e-01 2.461404055356979370e-01
1.984251976013183594e+00 1.620980650186538696e-01 2.398000001907348633e+00 8.438614606857299805e-01 2.498675882816314697e-01 8.438027501106262207e-01 2.498846799135208130e-01
2.015748023986816406e+00 1.690547317266464233e-01 2.384999990463256836e+00 8.388368487358093262e-01 2.537000179290771484e-01 8.389205336570739746e-01 2.536505162715911865e-01
2.047244071960449219e+00 1.759881377220153809e-01 2.375000000000000000e+00 8.338766098022460938e-01 2.574341297149658203e-01 8.339540362358093262e-01 2.574378848075866699e-01
2.078740119934082031e+00 1.830386221408843994e-01 2.365999937057495117e+00 8.289038538932800293e-01 2.612401843070983887e-01 8.289037942886352539e-01 2.612467408180236816e-01
2.110236167907714844e+00 1.903715580701828003e-01 2.354099988937377930e+00 8.237738609313964844e-01 2.650923728942871094e-01 8.237702250480651855e-01 2.650770545005798340e-01
2.141732215881347656e+00 1.978174746036529541e-01 2.345999956130981445e+00 8.186097145080566406e-01 2.689105272293090820e-01 8.185538649559020996e-01 2.689288258552551270e-01
2.173228263854980469e+00 2.055546194314956665e-01 2.334100008010864258e+00 8.133015036582946777e-01 2.728257477283477783e-01 8.132553100585937500e-01 2.728019952774047852e-01
2.204724311828613281e+00 2.135943919420242310e-01 2.322999954223632812e+00 8.077971935272216797e-01 2.766753435134887695e-01 8.078752756118774414e-01 2.766965329647064209e-01
2.236220359802246094e+00 2.215434908866882324e-01 2.313100099563598633e+00 8.024680018424987793e-01 2.806192338466644287e-01 8.024143576622009277e-01 2.806124389171600342e-01
2.267716646194458008e+00 2.299984246492385864e-01 2.303272724151611328e+00 7.968274354934692383e-01 2.846499085426330566e-01 7.968733906745910645e-01 2.845496535301208496e-01
2.299212694168090820e+00 2.383401840925216675e-01 2.292099952697753906e+00 7.913021445274353027e-01 2.885140180587768555e-01 7.912532091140747070e-01 2.885081768035888672e-01
2.330708742141723633e+00 2.469844818115234375e-01 2.281186580657958984e+00 7.856081724166870117e-01 2.923807799816131592e-01 7.855545878410339355e-01 2.924879789352416992e-01
2.362204790115356445e+00 2.559423148632049561e-01 2.271100044250488281e+00 7.798206210136413574e-01 2.964976727962493896e-01 7.797785401344299316e-01 2.964890301227569580e-01
2.393700838088989258e+00 2.649828493595123291e-01 2.261539936065673828e+00 7.740026712417602539e-01 3.004815280437469482e-01 7.739260196685791016e-01 3.005112707614898682e-01
2.425196886062622070e+00 2.743427455425262451e-01 2.242000102996826172e+00 7.680426239967346191e-01 3.045563697814941406e-01 7.679980993270874023e-01 3.045547306537628174e-01
2.456692934036254883e+00 2.840332090854644775e-01 2.239574909210205078e+00 7.619203329086303711e-01 3.086720407009124756e-01 7.619958519935607910e-01 3.086193501949310303e-01
2.488188982009887695e+00 2.935292422771453857e-01 2.230999946594238281e+00 7.559898495674133301e-01 3.126749694347381592e-01 7.559203505516052246e-01 3.127050995826721191e-01
2.519685029983520508e+00 3.036199510097503662e-01 2.218199968338012695e+00 7.497218847274780273e-01 3.167861998081207275e-01 7.497729063034057617e-01 3.168119788169860840e-01
2.551181077957153320e+00 3.137708306312561035e-01 2.207099914550781250e+00 7.435074448585510254e-01 3.209411501884460449e-01 7.435547113418579102e-01 3.209399580955505371e-01
2.582677125930786133e+00 3.239649534225463867e-01 2.198600053787231445e+00 7.373296618461608887e-01 3.250583708286285400e-01 7.372670769691467285e-01 3.250890076160430908e-01
2.614173173904418945e+00 3.346431255340576172e-01 2.187099933624267578e+00 7.309152483940124512e-01 3.292883932590484619e-01 7.309114336967468262e-01 3.292590975761413574e-01
2.645669221878051758e+00 3.453576266765594482e-01 2.177099943161010742e+00 7.245423793792724609e-01 3.334695100784301758e-01 7.244891524314880371e-01 3.334502279758453369e-01
2.677165269851684570e+00 3.564151525497436523e-01 2.166100025177001953e+00 7.180123329162597656e-01 3.376734852790832520e-01 7.180016636848449707e-01 3.376623690128326416e-01
2.708661317825317383e+00 3.676587939262390137e-01 2.156199932098388672e+00 7.114377617835998535e-01 3.418846130371093750e-01 7.114505171775817871e-01 3.418954610824584961e-01
2.740157365798950195e+00 3.790839016437530518e-01 2.145100116729736328e+00 7.048426270484924316e-01 3.461510837078094482e-01 7.048373222351074219e-01 3.461495637893676758e-01
2.771653652191162109e+00 3.906855881214141846e-01 2.137000083923339844e+00 6.982125043869018555e-01 3.504215478897094727e-01 6.981636285781860352e-01 3.504245877265930176e-01
2.803149700164794922e+00 4.026423394680023193e-01 2.125999927520751953e+00 6.914282441139221191e-01 3.547092080116271973e-01 6.914312243461608887e-01 3.547205328941345215e-01
2.834645748138427734e+00 4.147755205631256104e-01 2.114099979400634766e+00 6.846405267715454102e-01 3.590645492076873779e-01 6.846417188644409180e-01 3.590373694896697998e-01
2.866141796112060547e+00 4.270792007446289062e-01 2.104199886322021484e+00 6.777965426445007324e-01 3.633422851562500000e-01 6.777969002723693848e-01 3.633750975131988525e-01
2.897637844085693359e+00 4.395470619201660156e-01 2.094379901885986328e+00 6.709652543067932129e-01 3.676976561546325684e-01 6.708985567092895508e-01 3.677336871623992920e-01
2.929133892059326172e+00 4.525855481624603271e-01 2.083494901657104492e+00 6.638826131820678711e-01 3.721565306186676025e-01 6.639486551284790039e-01 3.721131086349487305e-01
2.960629940032958984e+00 4.655853211879730225e-01 2.072099924087524414e+00 6.568898558616638184e-01 3.765269517898559570e-01 6.569489836692810059e-01 3.765133619308471680e-01
2.992125988006591797e+00 4.787397384643554688e-01 2.063999891281127930e+00 6.499006748199462891e-01 3.809188306331634521e-01 6.499015688896179199e-01 3.809344172477722168e-01
3.023622035980224609e+00 4.922658503055572510e-01 2.052099943161010742e+00 6.428012847900390625e-01 3.853990435600280762e-01 6.428083181381225586e-01 3.853762745857238770e-01
3.055118083953857422e+00 5.059429407119750977e-01 2.042099952697753906e+00 6.356957554817199707e-01 3.898581862449645996e-01 6.356713175773620605e-01 3.898388743400573730e-01
3.086614131927490234e+00 5.200001001358032227e-01 2.032999992370605469e+00 6.284464001655578613e-01 3.943201005458831787e-01 6.284925937652587891e-01 3.943222463130950928e-01
3.118110179901123047e+00 5.342037081718444824e-01 2.021100044250488281e+00 6.212340593338012695e-01 3.988418281078338623e-01 6.212742924690246582e-01 3.988263607025146484e-01
3.149606227874755859e+00 5.485447049140930176e-01 2.013000011444091797e+00 6.140275597572326660e-01 4.033354222774505615e-01 6.140184998512268066e-01 4.033511579036712646e-01
3.181102275848388672e+00 5.632706880569458008e-01 2.001100063323974609e+00 6.067220568656921387e-01 4.079153239727020264e-01 6.067274212837219238e-01 4.078966677188873291e-01
3.212598323822021484e+00 5.781279206275939941e-01 1.991099953651428223e+00 5.994295477867126465e-01 4.124633669853210449e-01 5.994033217430114746e-01 4.124628901481628418e-01
3.244094371795654297e+00 5.933769941329956055e-01 1.981199979782104492e+00 5.920054316520690918e-01 4.170141220092773438e-01 5.920482873916625977e-01 4.170497357845306396e-01
3.275590658187866211e+00 6.087501645088195801e-01 1.971099972724914551e+00 5.846762061119079590e-01 4.216954410076141357e-01 5.846647024154663086e-01 4.216572642326354980e-01
3.307086706161499023e+00 6.245216131210327148e-01 1.961475014686584473e+00 5.771976113319396973e-01 4.263288676738739014e-01 5.772548317909240723e-01 4.262853860855102539e-01
3.338582754135131836e+00 6.404091119766235352e-01 1.951310038566589355e+00 5.697661042213439941e-01 4.309640824794769287e-01 5.698210000991821289e-01 4.309341609477996826e-01
3.370078802108764648e+00 6.564009189605712891e-01 1.941100001335144043e+00 5.623980760574340820e-01 4.356212317943572998e-01 5.623655319213867188e-01 4.356035292148590088e-01
3.401574850082397461e+00 6.727920770645141602e-01 1.931100010871887207e+00 5.549231767654418945e-01 4.403026998043060303e-01 5.548908114433288574e-01 4.402934908866882324e-01
3.433070898056030273e+00 6.895924806594848633e-01 1.921409964561462402e+00 5.473461151123046875e-01 4.450173974037170410e-01 5.473991632461547852e-01 4.450040161609649658e-01
3.464566946029663086e+00 7.064896821975708008e-01 1.911509990692138672e+00 5.398405194282531738e-01 4.497430026531219482e-01 5.398930907249450684e-01 4.497351050376892090e-01
3.496062994003295898e+00 7.234703898429870605e-01 1.902999997138977051e+00 5.323987007141113281e-01 4.544463753700256348e-01 5.323749184608459473e-01 4.544867277145385742e-01
3.527559041976928711e+00 7.408592700958251953e-01 1.892400026321411133e+00 5.248830318450927734e-01 4.592212140560150146e-01 5.248471498489379883e-01 4.592588841915130615e-01
3.559055089950561523e+00 7.586660385131835938e-01 1.883000016212463379e+00 5.172706246376037598e-01 4.640139341354370117e-01 5.173121690750122070e-01 4.640515744686126709e-01
3.590551137924194336e+00 7.765460610389709473e-01 1.872099995613098145e+00 5.097827315330505371e-01 4.688893258571624756e-01 5.097724795341491699e-01 4.688647389411926270e-01
3.622047185897827148e+00 7.948474884033203125e-01 1.862100005149841309e+00 5.021839141845703125e-01 4.737370312213897705e-01 5.022305250167846680e-01 4.736984074115753174e-01
3.653543233871459961e+00 8.132086992263793945e-01 1.853999972343444824e+00 4.946535229682922363e-01 4.785193800926208496e-01 4.946887493133544922e-01 4.785525500774383545e-01
3.685039281845092773e+00 8.319940567016601562e-01 1.843610048294067383e+00 4.871035814285278320e-01 4.834623932838439941e-01 4.871496558189392090e-01 4.834271371364593506e-01
3.716535329818725586e+00 8.508247137069702148e-01 1.835000038146972656e+00 4.796099364757537842e-01 4.882899522781372070e-01 4.796156883239746094e-01 4.883221983909606934e-01
3.748031377792358398e+00 8.700814843177795410e-01 1.824100017547607422e+00 4.721041917800903320e-01 4.932804107666015625e-01 4.720893204212188721e-01 4.932376742362976074e-01
3.779527664184570312e+00 8.895709514617919922e-01 1.815999984741210938e+00 4.645643830299377441e-01 4.981541037559509277e-01 4.645730257034301758e-01 4.981735944747924805e-01
3.811023712158203125e+00 9.092893004417419434e-01 1.797999978065490723e+00 4.570831954479217529e-01 5.031107068061828613e-01 4.570692777633666992e-01 5.031298995018005371e-01
3.842519760131835938e+00 9.294447302818298340e-01 1.776110053062438965e+00 4.495608210563659668e-01 5.081456899642944336e-01 4.495805203914642334e-01 5.081065893173217773e-01
3.874015808105468750e+00 9.496130943298339844e-01 1.755499958992004395e+00 4.421193599700927734e-01 5.130648016929626465e-01 4.421091675758361816e-01 5.131037235260009766e-01
3.905511856079101562e+00 9.702190756797790527e-01 1.735999941825866699e+00 4.346512556076049805e-01 5.180792808532714844e-01 4.346576929092407227e-01 5.181211829185485840e-01
3.937007904052734375e+00 9.910458326339721680e-01 1.715999960899353027e+00 4.272271394729614258e-01 5.231086611747741699e-01 4.272284805774688721e-01 5.231590270996093750e-01
3.968503952026367188e+00 1.012088537216186523e+00 1.695600032806396484e+00 4.198569357395172119e-01 5.281667709350585938e-01 4.198239445686340332e-01 5.282171964645385742e-01
4.000000000000000000e+00 1.033578038215637207e+00 1.677000045776367188e+00 4.124469161033630371e-01 5.332688689231872559e-01 4.124464392662048340e-01 5.332957506179809570e-01
