0.01 1.42701723328
0.21019019019 1.42551616466
0.41038038038 1.42129844258
0.610570570571 1.41440041702
0.810760760761 1.40488119472
1.01095095095 1.39282164059
1.21114114114 1.37832302411
1.41133133133 1.36150534556
1.61152152152 1.34250538438
1.81171171171 1.3214745178
2.0119019019 1.29857636313
2.21209209209 1.27398429914
2.41228228228 1.24787892359
2.61247247247 1.22044550292
2.81266266266 1.19187146786
3.01285285285 1.16234400481
3.21304304304 1.13204778778
3.41323323323 1.10116288936
3.61342342342 1.06986290244
3.81361361361 1.03831329673
4.0138038038 1.00667002686
4.21399399399 0.975078400963
4.41418418418 0.943672211757
4.61437437437 0.912573125254
4.81456456456 0.881890316507
5.01475475475 0.851720336589
5.21494494494 0.822147190951
5.41513513514 0.79324260614
5.61532532533 0.765066459741
5.81551551552 0.737667347169
6.01570570571 0.711083258676
6.2158958959 0.685342340399
6.41608608609 0.660463714446
6.61627627628 0.636458334755
6.81646646647 0.61332985762
7.01665665666 0.591075508223
7.21684684685 0.569686927185
7.41703703704 0.549150983843
7.61722722723 0.529450545668
7.81741741742 0.510565195808
8.01760760761 0.492471893166
8.2177977978 0.475145571594
8.41798798799 0.458559676717
8.61817817818 0.442686640564
8.81836836837 0.427498295542
9.01855855856 0.412966230393
9.21874874875 0.399062091605
9.41893893894 0.385757834342
9.61912912913 0.373025927342
9.81931931932 0.360839516412
10.0195095095 0.349172551198
10.2196996997 0.3379998798
10.4198898899 0.327297315622
10.6200800801 0.317041680566
10.8202702703 0.307210828382
11.0204604605 0.297783651598
11.2206506507 0.288740075149
11.4208408408 0.280061039394
11.621031031 0.271728474915
11.8212212212 0.263725271114
12.0214114114 0.256035240349
12.2216016016 0.248643079024
12.4217917918 0.241534326849
12.621981982 0.2346953252
12.8221721722 0.228113175378
13.0223623624 0.221775697329
13.2225525526 0.215671389311
13.4227427427 0.209789388833
13.6229329329 0.204119435105
13.8231231231 0.19865183315
14.0233133133 0.193377419698
14.2235035035 0.188287530873
14.4236936937 0.183373971709
14.6238838839 0.17862898745
14.8240740741 0.174045236592
15.0242642643 0.169615765618
15.2244544545 0.165333985332
15.4246446446 0.161193648728
15.6248348348 0.15718883031
15.825025025 0.153313906772
16.0252152152 0.149563538959
16.2254054054 0.145932655032
16.4255955956 0.142416434745
16.6257857858 0.139010294773
16.825975976 0.135709875012
17.0261661662 0.132511025781
17.2263563564 0.129409795873
17.4265465465 0.126402421373
17.6267367367 0.123485315218
17.8269269269 0.120655057419
18.0271171171 0.117908385911
18.2273073073 0.115242187982
18.4274974975 0.112653492242
18.6276876877 0.110139461088
18.8278778779 0.10769738363
19.0280680681 0.105324669057
19.2282582583 0.103018840389
19.4284484484 0.10077752861
19.6286386386 0.0985984671431
19.8288288288 0.0964794866458
20.029019019 0.0944185101077
20.2292092092 0.0924135482251
20.4293993994 0.0904626950376
20.6295895896 0.088564123808
20.8297797798 0.0867160831307
21.02996997 0.0849168932532
21.2301601602 0.083164942599
21.4303503504 0.0814586844785
21.6305405405 0.0797966339766
21.8307307307 0.0781773650084
22.0309209209 0.0765995075311
22.2311111111 0.0750617449058
22.4313013013 0.0735628113979
22.6314914915 0.0721014898124
22.8316816817 0.0706766092529
23.0318718719 0.069287043001
23.2320620621 0.0679317065074
23.4322522523 0.0666095554903
23.6324424424 0.0653195841346
23.8326326326 0.0640608233869
24.0328228228 0.0628323393414
24.233013013 0.061633231711
24.4332032032 0.0604626323795
24.6333933934 0.0593197040315
24.8335835836 0.0582036388525
25.0337737738 0.0571136572993
25.233963964 0.0560490069325
25.4341541542 0.055008961311
25.6343443443 0.0539928189417
25.8345345345 0.0529999022831
26.0347247247 0.0520295567984
26.2349149149 0.0510811500549
26.4351051051 0.050154070867
26.6352952953 0.0492477284797
26.8354854855 0.0483615517899
27.0356756757 0.0474949886033
27.2358658659 0.0466475049233
27.4360560561 0.0458185842716
27.6362462462 0.0450077270371
27.8364364364 0.0442144498507
28.0366266266 0.0434382849863
28.2368168168 0.0426787797847
28.437007007 0.0419354960992
28.6371971972 0.0412080097621
28.8373873874 0.0404959100715
29.0375775776 0.0397987992958
29.2377677678 0.0391162921961
29.437957958 0.0384480155663
29.6381481481 0.0377936077884
29.8383383383 0.0371527184049
30.0385285285 0.0365250077052
30.2387187187 0.0359101463276
30.4389089089 0.0353078148755
30.6390990991 0.0347177035484
30.8392892893 0.0341395117857
31.0394794795 0.0335729479255
31.2396696697 0.0330177288754
31.4398598599 0.0324735797982
31.6400500501 0.0319402338093
31.8402402402 0.031417431687
32.0404304304 0.0309049215964
32.2406206206 0.0304024588245
32.4408108108 0.0299098055275
32.641001001 0.0294267304906
32.8411911912 0.028953008898
33.0413813814 0.0284884221151
33.2415715716 0.0280327574803
33.4417617618 0.027585808108
33.641951952 0.0271473727006
33.8421421421 0.0267172553707
34.0423323323 0.026295265471
34.2425225225 0.0258812174337
34.4427127127 0.0254749306174
34.6429029029 0.0250762291608
34.8430930931 0.0246849418441
35.0432832833 0.0243009019562
35.2434734735 0.0239239471676
35.4436636637 0.0235539194088
35.6438538539 0.023190664754
35.844044044 0.0228340333076
36.0442342342 0.0224838790967
36.2444244244 0.0221400599652
36.4446146146 0.0218024374717
36.6448048048 0.021470876791
36.844994995 0.0211452466162
37.0451851852 0.0208254190645
37.2453753754 0.0205112695839
37.4455655656 0.0202026768622
37.6457557558 0.0198995227373
37.8459459459 0.0196016921085
38.0461361361 0.0193090728496
38.2463263263 0.0190215557229
38.4465165165 0.0187390342948
38.6467067067 0.0184614048519
38.8468968969 0.0181885663188
39.0470870871 0.0179204201772
39.2472772773 0.0176568703865
39.4474674675 0.0173978233051
39.6476576577 0.0171431876141
39.8478478478 0.0168928742424
40.048038038 0.0166467962931
40.2482282282 0.0164048689731
40.4484184184 0.0161670095232
40.6486086086 0.0159331371511
40.8487987988 0.0157031729674
41.048988989 0.0154770399223
41.2491791792 0.0152546627465
41.4493693694 0.0150359678932
41.6495595596 0.0148208834838
41.8497497497 0.0146093392555
42.0499399399 0.0144012665117
42.2501301301 0.0141965980755
42.4503203203 0.0139952682449
42.6505105105 0.0137972127512
42.8507007007 0.0136023687199
43.0508908909 0.0134106746335
43.2510810811 0.0132220702972
43.4512712713 0.013036496806
43.6514614615 0.0128538965147
43.8516516517 0.0126742130091
44.0518418418 0.0124973910791
44.252032032 0.0123233766937
44.4522222222 0.0121521169766
44.6524124124 0.0119835601837
44.8526026026 0.0118176556817
45.0527927928 0.0116543539267
45.252982983 0.0114936064445
45.4531731732 0.0113353658106
45.6533633634 0.0111795856314
45.8535535536 0.0110262205248
46.0537437437 0.0108752261017
46.2539339339 0.0107265589468
46.4541241241 0.0105801766001
46.6543143143 0.0104360375371
46.8545045045 0.0102941011504
47.0546946947 0.0101543277292
47.2548848849 0.0100166784399
47.4550750751 0.009881115306
47.6552652653 0.00974760118701
47.8554554555 0.00961609975816
48.0556456456 0.00948657548911
48.2558358358 0.00935899362271
48.456026026 0.00923332015353
48.6562162162 0.00910952180642
48.8564064064 0.00898756601489
49.0565965966 0.00886742089976
49.2567867868 0.0087490552478
49.456976977 0.00863243849075
49.6571671672 0.00851754068457
49.8573573574 0.00840433248923
50.0575475475 0.00829278514894
50.2577377377 0.00818287047301
50.4579279279 0.00807456081737
50.6581181181 0.00796782906688
50.8583083083 0.00786264861839
51.0584984985 0.00775899336468
51.2586886887 0.00765683767935
51.4588788789 0.00755615640256
51.6590690691 0.00745692482777
51.8592592593 0.00735911868943
52.0594494494 0.00726271415164
52.2596396396 0.00716768779775
52.4598298298 0.0070740166208
52.66002002 0.00698167801501
52.8602102102 0.00689064976789
53.0604004004 0.00680091005333
53.2605905906 0.00671243742529
53.4607807808 0.00662521081213
53.660970971 0.00653920951161
53.8611611612 0.00645441318631
54.0613513514 0.00637080185946
54.2615415415 0.00628835591116
54.4617317317 0.00620705607478
54.6619219219 0.00612688343355
54.8621121121 0.00604781941728
55.0623023023 0.00596984579898
55.2624924925 0.00589294469151
55.4626826827 0.00581709854404
55.6628728729 0.00574229013835
55.8630630631 0.00566850258486
56.0632532533 0.00559571931834
56.2634434434 0.00552392409334
56.4636336336 0.00545310097925
56.6638238238 0.00538323435493
56.864014014 0.00531430890305
57.0642042042 0.00524630960391
57.2643943944 0.005179221729
57.4645845846 0.00511303083416
57.6647747748 0.00504772275233
57.864964965 0.00498328358614
58.0651551552 0.00491969970009
58.2653453453 0.00485695771259
58.4655355355 0.00479504448782
58.6657257257 0.00473394712748
58.8659159159 0.00467365296246
59.0661061061 0.00461414954454
59.2662962963 0.00455542463814
59.4664864865 0.00449746621224
59.6666766767 0.0044402624324
59.8668668669 0.00438380165313
60.0670570571 0.00432807241052
60.2672472472 0.00427306341516
60.4674374374 0.00421876354562
60.6676276276 0.00416516184218
60.8678178178 0.0041122475012
61.068008008 0.0040600098699
61.2681981982 0.0040084384417
61.4683883884 0.00395752285212
61.6685785786 0.00390725287518
61.8687687688 0.0038576184204
62.068958959 0.0038086095303
62.2691491491 0.00376021637846
62.4693393393 0.00371242926805
62.6695295295 0.00366523863084
62.8697197197 0.00361863502666
63.0699099099 0.00357260914325
63.2701001001 0.00352715179647
63.4702902903 0.00348225393075
63.6704804805 0.0034379066199
63.8706706707 0.00339410106806
64.0708608609 0.00335082861074
64.2710510511 0.00330808071603
64.4712412412 0.00326584898582
64.6714314314 0.00322412515695
64.8716216216 0.00318290110236
65.0718118118 0.00314216883206
65.272002002 0.00310192049395
65.4721921922 0.00306214837449
65.6723823824 0.00302284489903
65.8725725726 0.00298400263198
66.0727627628 0.00294561427665
66.272952953 0.00290767267479
66.4731431431 0.0028701708058
66.6733333333 0.00283310178571
66.8735235235 0.00279645886578
67.0737137137 0.00276023543083
67.2739039039 0.00272442499737
67.4740940941 0.00268902121133
67.6742842843 0.00265401784579
67.8744744745 0.00261940879833
68.0746646647 0.00258518808837
68.2748548549 0.00255134985439
68.475045045 0.00251788835109
68.6752352352 0.00248479794658
68.8754254254 0.0024520731196
69.0756156156 0.00241970845687
69.2758058058 0.0023876986506
69.475995996 0.00235603849625
69.6761861862 0.00232472289046
69.8763763764 0.00229374682938
70.0765665666 0.00226310540734
70.2767567568 0.00223279381584
70.4769469469 0.00220280734307
70.6771371371 0.00217314137384
70.8773273273 0.00214379138996
71.0775175175 0.00211475297118
71.2777077077 0.00208602179661
71.4778978979 0.00205759364671
71.6780880881 0.00202946440569
71.8782782783 0.00200163006461
72.0784684685 0.00197408672478
72.2786586587 0.00194683060185
72.4788488488 0.00191985803023
72.679039039 0.00189316546804
72.8792292292 0.00186674950243
73.0794194194 0.00184060685534
73.2796096096 0.00181473438957
73.4797997998 0.00178912911516
73.67998999 0.00176378819611
73.8801801802 0.00173870895729
74.0803703704 0.00171388889152
74.2805605606 0.00168932566693
74.4807507508 0.0016650171343
74.6809409409 0.00164096133465
74.8811311311 0.00161715650671
75.0813213213 0.00159360109465
75.2815115115 0.00157029375558
75.4817017017 0.00154723336724
75.6818918919 0.00152441903554
75.8820820821 0.00150185010208
76.0822722723 0.0014795261517
76.2824624625 0.0014574470198
76.4826526527 0.00143561279983
76.6828428428 0.00141402385048
76.883033033 0.001392680803
77.0832232232 0.00137158456837
77.2834134134 0.00135073634447
77.4836036036 0.00133013762317
77.6837937938 0.00130979019739
77.883983984 0.00128969616819
78.0841741742 0.00126985795174
78.2843643644 0.00125027828632
78.4845545546 0.00123096023928
78.6847447447 0.00121190721389
78.8849349349 0.00119312295621
79.0851251251 0.00117461156177
79.2853153153 0.0011563774822
79.4855055055 0.00113842553165
79.6856956957 0.00112076089295
79.8858858859 0.00110338912352
80.0860760761 0.00108631616093
80.2862662663 0.00106954832792
80.4864564565 0.00105309233698
80.6866466466 0.00103695529416
80.8868368368 0.00102114470218
81.087027027 0.00100566846263
81.2872172172 0.000990534877029
81.4874074074 0.000975752646835
81.6875975976 0.000961330871979
81.8877877878 0.000947279047954
82.087977978 0.00093360706121
82.2881681682 0.000920325182697
82.4883583584 0.000907444059393
82.6885485485 0.000894974703646
82.8887387387 0.000882928480157
83.0889289289 0.000871317090436
83.2891191191 0.000860152554594
83.4893093093 0.000849447190304
83.6894994995 0.000839213588805
83.8896896897 0.00082946458783
84.0898798799 0.000820213241346
84.2900700701 0.000811472786033
84.4902602603 0.000803256604419
84.6904504505 0.000795578184649
84.8906406406 0.000788451076853
85.0908308308 0.000781888846141
85.291021021 0.000775905022241
85.4912112112 0.000770513045871
85.6914014014 0.000765726211927
85.8915915916 0.000761557609625
86.0917817818 0.000758020059748
86.291971972 0.000755126049216
86.4921621622 0.000752887663173
86.6923523524 0.000751316514874
86.8925425425 0.000750423673656
87.0927327327 0.000750219591306
87.2929229229 0.000750714027173
87.4931131131 0.00075191597241
87.6933033033 0.000753833573738
87.8934934935 0.000756474057149
88.0936836837 0.000759843652
88.2938738739 0.000763947515953
88.4940640641 0.000768789661228
88.6942542543 0.000774372882657
88.8944444444 0.000780698688033
89.0946346346 0.000787767231238
89.2948248248 0.000795577248641
89.495015015 0.000804125999268
89.6952052052 0.000813409209204
89.8953953954 0.000823421020705
90.0955855856 0.000834153946462
90.2957757758 0.000845598829457
90.495965966 0.000857744808795
90.6961561562 0.00087057929191
90.8963463463 0.000884087933472
91.0965365365 0.000898254621316
91.2967267267 0.000913061469652
91.4969169169 0.000928488819802
91.6971071071 0.000944515248631
91.8972972973 0.000961117584833
92.0974874875 0.00097827093315
92.2976776777 0.000995948706578
92.4978678679 0.00101412266655
92.6980580581 0.00103276297105
92.8982482482 0.00105183823051
93.0984384384 0.00107131557144
93.2986286286 0.00109116070742
93.4988188188 0.00111133801735
93.699009009 0.0011318106306
93.8991991992 0.00115254051861
94.0993893894 0.00117348859278
94.2995795796 0.00119461480793
94.4997697698 0.00121587827115
94.69995996 0.0012372373552
94.9001501502 0.00125864981632
95.1003403403 0.00128007291543
95.3005305305 0.00130146354259
95.5007207207 0.00132277834369
95.7009109109 0.00134397384906
95.9011011011 0.00136500660317
96.1012912913 0.00138583329487
96.3014814815 0.00140641088745
96.5016716717 0.00142669674798
96.7018618619 0.00144664877514
96.9020520521 0.00146622552509
97.1022422422 0.0014853863346
97.3024324324 0.00150409144093
97.5026226226 0.00152230209794
97.7028128128 0.00153998068775
97.903003003 0.00155709082754
98.1031931932 0.00157359747101
98.3033833834 0.00158946700397
98.5035735736 0.00160466733378
98.7037637638 0.00161916797217
98.903953954 0.00163294011115
99.1041441441 0.00164595669178
99.3043343343 0.0016581924655
99.5045245245 0.00166962404787
99.7047147147 0.00168022996465
99.9049049049 0.00168999068992
100.105095095 0.00169888867649
100.305285285 0.00170690837832
100.505475475 0.00171403626523
100.705665666 0.00172026082979
100.905855856 0.0017255725867
101.106046046 0.00172996406466
101.306236236 0.00173342979112
101.506426426 0.00173596627001
101.706616617 0.00173757195276
101.906806807 0.00173824720297
102.106996997 0.00173799425507
102.307187187 0.00173681716719
102.507377377 0.00173472176881
102.707567568 0.0017317156035
102.907757758 0.00172780786707
103.107947948 0.00172300934175
103.308138138 0.00171733232669
103.508328328 0.00171079056521
103.708518519 0.00170339916938
103.908708709 0.00169517454216
104.108898899 0.0016861342977
104.309089089 0.00167629718022
104.509279279 0.00166568298168
104.709469469 0.00165431245901
104.90965966 0.00164220725087
105.10984985 0.00162938979474
105.31004004 0.00161588324431
105.51023023 0.00160171138778
105.71042042 0.00158689856732
105.910610611 0.00157146959984
106.110800801 0.00155544969966
106.310990991 0.00153886440294
106.511181181 0.00152173949444
106.711371371 0.00150410093659
106.911561562 0.00148597480121
107.111751752 0.00146738720385
107.311941942 0.0014483642411
107.512132132 0.00142893193083
107.712322322 0.00140911615541
107.912512513 0.00138894260823
108.112702703 0.0013684367432
108.312892893 0.00134762372756
108.513083083 0.0013265283979
108.713273273 0.00130517521927
108.913463463 0.00128358824757
109.113653654 0.001261791095
109.313843844 0.00123980689863
109.514034034 0.0012176582919
109.714224224 0.00119536737913
109.914414414 0.00117295571284
110.114604605 0.00115044427378
110.314794795 0.00112785345371
110.514984985 0.00110520304057
110.715175175 0.00108251220625
110.915365365 0.00105979949651
111.115555556 0.00103708282325
111.315745746 0.00101437945872
111.515935936 0.000991706031808
111.716126126 0.000969078526119
111.916316316 0.000946512279769
112.116506507 0.000924021986828
112.316696697 0.000901621700252
112.516886887 0.000879324836196
112.717077077 0.000857144179635
112.917267267 0.000835091891147
113.117457457 0.000813179514799
113.317647648 0.000791417987015
113.517837838 0.000769817646347
113.718028028 0.000748388244066
113.918218218 0.000727138955476
114.118408408 0.000706078391896
114.318598599 0.000685214613217
114.518788789 0.000664555140976
114.718978979 0.000644106971876
114.919169169 0.000623876591696
115.119359359 0.000603869989528
115.31954955 0.00058409267229
115.51973974 0.00056454967946
115.71992993 0.000545245597987
115.92012012 0.000526184577334
116.12031031 0.000507370344603
116.320500501 0.000488806219712
116.520690691 0.000470495130576
116.720880881 0.000452439628264
116.921071071 0.000434641902099
117.121261261 0.000417103794656
117.321451451 0.000399826816647
117.521641642 0.000382812161648
117.721831832 0.000366060720652
117.922022022 0.000349573096419
118.122212212 0.000333349617593
118.322402402 0.000317390352583
118.522592593 0.000301695123156
118.722782783 0.000286263517761
118.922972973 0.000271094904529
119.123163163 0.00025618844396
119.323353353 0.00024154310127
119.523543544 0.000227157658384
119.723733734 0.000213030725574
119.923923924 0.000199160752712
120.124114114 0.000185546040158
120.324304304 0.000172184749243
120.524494494 0.000159074912375
120.724684685 0.000146214442736
120.924874875 0.000133601143587
121.125065065 0.000121232717173
121.325255255 0.000109106773227
121.525445445 9.72208370856e-05
121.725635636 8.5572357407e-05
121.925825826 7.41587135066e-05
122.126016016 6.2977222315e-05
122.326206206 5.20251449641e-05
122.526396396 4.12996930137e-05
122.726586587 3.07980343266e-05
122.926776777 2.0517298605e-05
123.126966967 1.04545825999e-05
123.327157157 6.06955005261e-07
123.527347347 -9.02853894739e-06
123.727537538 -1.84548731826e-05
123.927727728 -2.7675036747e-05
124.127917918 -3.66920300344e-05
124.328108108 -4.55088612548e-05
124.528298298 -5.41285431338e-05
124.728488488 -6.25540898281e-05
124.928678679 -7.07885140424e-05
125.128868869 -7.8834824336e-05
125.329059059 -8.66960226046e-05
125.529249249 -9.4375101726e-05
125.729439439 -0.000101875043357
125.92962963 -0.000109198815874
126.12981982 -0.000116349372437
126.33001001 -0.000123329649185
126.5302002 -0.000130142563537
126.73039039 -0.0001367910126
126.930580581 -0.000143277871673
127.130770771 -0.00014960599285
127.330960961 -0.000155778203699
127.531151151 -0.000161797306032
127.731341341 -0.000167666074748
127.931531532 -0.000173387256757
128.131721722 -0.00017896356997
128.331911912 -0.000184397702363
128.532102102 -0.00018969231111
128.732292292 -0.000194850021788
128.932482482 -0.000199873427643
129.132672673 -0.000204765088925
129.332862863 -0.000209527532295
129.533053053 -0.000214163250293
129.733243243 -0.000218674700874
129.933433433 -0.000223064307013
130.133623624 -0.000227334456371
130.333813814 -0.000231487501034
130.534004004 -0.000235525757313
130.734194194 -0.000239451505607
130.934384384 -0.000243266990334
131.134574575 -0.00024697441992
131.334764765 -0.000250575966852
131.534954955 -0.000254073767785
131.735145145 -0.000257469923708
131.935335335 -0.000260766500163
132.135525526 -0.000263965527513
132.335715716 -0.000267069001255
132.535905906 -0.000270078882378
132.736096096 -0.00027299709776
132.936286286 -0.000275825540599
133.136476476 -0.000278566070874
133.336666667 -0.000281220515831
133.536856857 -0.000283790670495
133.737047047 -0.000286278298191
133.937237237 -0.000288685131086
134.137427427 -0.000291012870728
134.337617618 -0.000293263188601
134.537807808 -0.00029543772667
134.737997998 -0.000297538097921
134.938188188 -0.000299565886899
135.138378378 -0.000301522650229
135.338568569 -0.000303409917122
135.538758759 -0.000305229189866
135.738948949 -0.000306981944295
135.939139139 -0.000308669630238
136.139329329 -0.000310293671941
136.33951952 -0.000311855468469
136.53970971 -0.000313356394082
136.7398999 -0.000314797798586
136.94009009 -0.000316181007657
137.14028028 -0.000317507323145
137.34047047 -0.000318778023354
137.540660661 -0.000319994363297
137.740850851 -0.000321157574938
137.941041041 -0.000322268867411
138.141231231 -0.000323329427225
138.341421421 -0.000324340418457
138.541611612 -0.000325302982933
138.741801802 -0.000326218240406
138.941991992 -0.000327087288719
139.142182182 -0.000327911203981
139.342372372 -0.000328691040726
139.542562563 -0.000329427832092
139.742752753 -0.000330122589992
139.942942943 -0.000330776305304
140.143133133 -0.000331389948061
140.343323323 -0.000331964467665
140.543513514 -0.000332500793102
140.743703704 -0.000332999833183
140.943893894 -0.000333462476792
141.144084084 -0.000333889593162
141.344274274 -0.000334282032157
141.544464464 -0.000334640624578
141.744654655 -0.000334966182484
141.944844845 -0.000335259499534
142.145035035 -0.000335521351339
142.345225225 -0.00033575249583
142.545415415 -0.000335953673645
142.745605606 -0.00033612560852
142.945795796 -0.000336269007696
143.145985986 -0.000336384562332
143.346176176 -0.000336472947921
143.546366366 -0.000336534824715
143.746556557 -0.000336570838148
143.946746747 -0.000336581619258
144.146936937 -0.000336567785106
144.347127127 -0.000336529939193
144.547317317 -0.000336468671858
144.747507508 -0.000336384560684
144.947697698 -0.000336278170872
145.147887888 -0.000336150055618
145.348078078 -0.000336000756462
145.548268268 -0.000335830803632
145.748458458 -0.000335640716357
145.948648649 -0.000335431003174
146.148838839 -0.000335202162205
146.349029029 -0.00033495468142
146.549219219 -0.00033468903888
146.749409409 -0.000334405702957
146.9495996 -0.000334105132536
147.14978979 -0.000333787777199
147.34997998 -0.00033345407739
147.55017017 -0.000333104464565
147.75036036 -0.000332739361322
147.950550551 -0.000332359181519
148.150740741 -0.000331964330386
148.350930931 -0.000331555204611
148.551121121 -0.000331132192435
148.751311311 -0.000330695673723
148.951501502 -0.000330246020041
149.151691692 -0.000329783594725
149.351881882 -0.00032930875295
149.552072072 -0.000328821841794
149.752262262 -0.000328323200311
149.952452452 -0.000327813159605
150.152642643 -0.000327292042903
150.352832833 -0.000326760165643
150.553023023 -0.000326217835564
150.753213213 -0.000325665352803
150.953403403 -0.000325103010007
151.153593594 -0.000324531092447
151.353783784 -0.000323949878147
151.553973974 -0.00032335963802
151.754164164 -0.000322760636017
151.954354354 -0.000322153129283
152.154544545 -0.000321537368323
152.354734735 -0.000320913597176
152.554924925 -0.000320282053598
152.755115115 -0.00031964296925
152.955305305 -0.000318996569896
153.155495495 -0.000318343075599
153.355685686 -0.000317682700924
153.555875876 -0.000317015655144
153.756066066 -0.000316342142448
153.956256256 -0.000315662362138
154.156446446 -0.000314976508838
154.356636637 -0.000314284772688
154.556826827 -0.000313587339543
154.757017017 -0.000312884391152
154.957207207 -0.000312176105346
155.157397397 -0.000311462656204
155.357587588 -0.000310744214219
155.557777778 -0.000310020946445
155.757967968 -0.00030929301664
155.958158158 -0.000308560585397
156.158348348 -0.000307823810254
156.358538539 -0.00030708284581
156.558728729 -0.000306337843806
156.758918919 -0.000305588953213
156.959109109 -0.000304836320299
157.159299299 -0.000304080088684
157.359489489 -0.000303320399389
157.55967968 -0.000302557390873
157.75986987 -0.000301791199055
157.96006006 -0.000301021957335
158.16025025 -0.000300249796607
158.36044044 -0.000299474845259
158.560630631 -0.000298697229172
158.760820821 -0.000297917071721
158.961011011 -0.000297134493756
159.161201201 -0.000296349613602
159.361391391 -0.000295562547041
159.561581582 -0.000294773407306
159.761771772 -0.000293982305071
159.961961962 -0.000293189348444
160.162152152 -0.000292394642965
160.362342342 -0.000291598291608
160.562532533 -0.000290800394789
160.762722723 -0.000290001050378
160.962912913 -0.000289200353718
161.163103103 -0.00028839839765
161.363293293 -0.000287595272548
161.563483483 -0.000286791066361
161.763673674 -0.000285985864654
161.963863864 -0.000285179750669
162.164054054 -0.000284372805382
162.364244244 -0.000283565107574
162.564434434 -0.000282756733901
162.764624625 -0.000281947758979
162.964814815 -0.000281138255462
163.165005005 -0.000280328294135
163.365195195 -0.000279517944004
163.565385385 -0.000278707272389
163.765575576 -0.000277896345023
163.965765766 -0.000277085226146
164.165955956 -0.000276273978602
164.366146146 -0.000275462663934
164.566336336 -0.000274651342481
164.766526527 -0.000273840073463
164.966716717 -0.000273028915072
165.166906907 -0.000272217924555
165.367097097 -0.000271407158289
165.567287287 -0.000270596671857
165.767477477 -0.000269786520108
165.967667668 -0.000268976757225
166.167857858 -0.000268167436769
166.368048048 -0.00026735861173
166.568238238 -0.000266550334563
166.768428428 -0.000265742657219
166.968618619 -0.000264935631169
167.168808809 -0.000264129307421
167.368998999 -0.000263323736526
167.569189189 -0.000262518968588
167.769379379 -0.000261715053256
167.96956957 -0.000260912039715
168.16975976 -0.000260109976679
168.36994995 -0.000259308912365
168.57014014 -0.000258508894478
168.77033033 -0.000257709970185
168.970520521 -0.000256912186085
169.170710711 -0.000256115588187
169.370900901 -0.000255320221876
169.571091091 -0.000254526131887
169.771281281 -0.000253733362273
169.971471471 -0.000252941956381
170.171661662 -0.000252151956827
170.371851852 -0.00025136340547
170.572042042 -0.000250576343393
170.772232232 -0.000249790810888
170.972422422 -0.00024900684744
171.172612613 -0.000248224491721
171.372802803 -0.000247443781582
171.572992993 -0.000246664754052
171.773183183 -0.000245887445344
171.973373373 -0.00024511189086
172.173563564 -0.000244338125203
172.373753754 -0.000243566182193
172.573943944 -0.000242796094882
172.774134134 -0.00024202789558
172.974324324 -0.000241261615876
173.174514515 -0.000240497286664
173.374704705 -0.000239734938169
173.574894895 -0.000238974599978
173.775085085 -0.000238216301065
173.975275275 -0.00023746006982
174.175465465 -0.000236705934074
174.375655656 -0.000235953921124
174.575845846 -0.000235204057752
174.776036036 -0.000234456370247
174.976226226 -0.000233710884413
175.176416416 -0.000232967625586
175.376606607 -0.00023222661863
175.576796797 -0.000231487887944
175.776986987 -0.000230751457447
175.977177177 -0.000230017350569
176.177367367 -0.000229285590229
176.377557558 -0.000228556198808
176.577747748 -0.000227829198116
176.777937938 -0.000227104609348
176.978128128 -0.000226382453041
177.178318318 -0.000225662749015
177.378508509 -0.000224945516318
177.578698699 -0.000224230773155
177.778888889 -0.000223518536819
177.979079079 -0.000222808823615
178.179269269 -0.000222101648781
178.379459459 -0.000221397026399
178.57964965 -0.000220694969317
178.77983984 -0.000219995489057
178.98003003 -0.000219298595725
179.18022022 -0.000218604297928
179.38041041 -0.000217912602683
179.580600601 -0.000217223515336
179.780790791 -0.000216537039477
179.980980981 -0.000215853176867
180.181171171 -0.000215171927366
180.381361361 -0.000214493288863
180.581551552 -0.000213817257226
180.781741742 -0.000213143826246
180.981931932 -0.000212472987599
181.182122122 -0.000211804730815
181.382312312 -0.000211139043257
181.582502503 -0.000210475910112
181.782692693 -0.000209815314394
181.982882883 -0.000209157236957
182.183073073 -0.000208501656525
182.383263263 -0.00020784854973
182.583453453 -0.000207197891164
182.783643644 -0.000206549653447
182.983833834 -0.000205903807305
183.184024024 -0.000205260321659
183.384214214 -0.000204619163732
183.584404404 -0.000203980299166
183.784594595 -0.000203343692142
183.984784785 -0.000202709305529
184.184974975 -0.000202077101026
184.385165165 -0.00020144703932
184.585355355 -0.00020081908026
184.785545546 -0.000200193183025
184.985735736 -0.000199569306309
185.185925926 -0.000198947408512
185.386116116 -0.000198327447928
185.586306306 -0.000197709382947
185.786496496 -0.000197093172251
185.986686687 -0.000196478775017
186.186876877 -0.000195866151118
186.387067067 -0.000195255261325
186.587257257 -0.000194646067506
186.787447447 -0.000194038532822
186.987637638 -0.000193432621918
187.187827828 -0.000192828301113
187.388018018 -0.000192225538576
187.588208208 -0.000191624304507
187.788398398 -0.000191024571295
187.988588589 -0.000190426313679
188.188778779 -0.000189829508892
188.388968969 -0.0001892341368
188.589159159 -0.000188640180026
188.789349349 -0.000188047624059
188.98953954 -0.000187456457359
189.18972973 -0.000186866671442
189.38991992 -0.000186278260954
189.59011011 -0.000185691223729
189.7903003 -0.000185105560838
189.99049049 -0.000184521276618
190.190680681 -0.000183938378687
190.390870871 -0.000183356877951
190.591061061 -0.000182776788589
190.791251251 -0.000182198128027
190.991441441 -0.000181620916894
191.191631632 -0.000181045178972
191.391821822 -0.000180470941122
191.592012012 -0.000179898233206
191.792202202 -0.000179327087986
191.992392392 -0.00017875754102
192.192582583 -0.000178189630537
192.392772773 -0.000177623397307
192.592962963 -0.000177058884496
192.793153153 -0.000176496137512
192.993343343 -0.000175935203838
193.193533534 -0.00017537613286
193.393723724 -0.000174818975686
193.593913914 -0.000174263784949
193.794104104 -0.000173710614617
193.994294294 -0.000173159519784
194.194484484 -0.000172610556463
194.394674675 -0.000172063781367
194.594864865 -0.000171519251698
194.795055055 -0.00017097702492
194.995245245 -0.000170437158539
195.195435435 -0.000169899709876
195.395625626 -0.000169364735844
195.595815816 -0.000168832292721
195.796006006 -0.000168302435932
195.996196196 -0.000167775219823
196.196386386 -0.000167250697449
196.396576577 -0.000166728920355
196.596766767 -0.000166209938373
196.796956957 -0.000165693799418
196.997147147 -0.000165180549293
197.197337337 -0.000164670231499
197.397527528 -0.00016416288706
197.597717718 -0.000163658554348
197.797907908 -0.000163157268929
197.998098098 -0.000162659063406
198.198288288 -0.000162163967287
198.398478478 -0.000161672006854
198.598668669 -0.000161183205055
198.798858859 -0.000160697581399
198.999049049 -0.000160215151868
199.199239239 -0.00015973592885
199.399429429 -0.000159259921075
199.59961962 -0.000158787133573
199.79980981 -0.000158317567644
200.0 -0.000157851220845
