0.01 2.95348693525
0.21019019019 2.94310180992
0.41038038038 2.9141642612
0.610570570571 2.86759921222
0.810760760761 2.80486094746
1.01095095095 2.72784159989
1.21114114114 2.6387566729
1.41133133133 2.54001820597
1.61152152152 2.4341066229
1.81171171171 2.32345144331
2.0119019019 2.21032911986
2.21209209209 2.09678364774
2.41228228228 1.98457269841
2.61247247247 1.87513926255
2.81266266266 1.76960647284
3.01285285285 1.66879162434
3.21304304304 1.57323449701
3.41323323323 1.48323487278
3.61342342342 1.398894501
3.81361361361 1.32015952639
4.0138038038 1.24686036492
4.21399399399 1.17874702876
4.41418418418 1.11551883254
4.61437437437 1.05684817878
4.81456456456 1.002398684
5.01475475475 0.951838268889
5.21494494494 0.904848022684
5.41513513514 0.86112770058
5.61532532533 0.820398667856
5.81551551552 0.782405002429
6.01570570571 0.746913341042
6.2158958959 0.713711925036
6.41608608609 0.68260918389
6.61627627628 0.653432095398
6.81646646647 0.626024482633
7.01665665666 0.6002453487
7.21684684685 0.575967307901
7.41703703704 0.553075142975
7.61722722723 0.531464499253
7.81741741742 0.511040715051
8.01760760761 0.491717781069
8.2177977978 0.47341741829
8.41798798799 0.456068262671
8.61817817818 0.439605144862
8.81836836837 0.423968453875
9.01855855856 0.409103574532
9.21874874875 0.394960389612
9.41893893894 0.381492838672
9.61912912913 0.368658526479
9.81931931932 0.356418374933
10.0195095095 0.344736313116
10.2196996997 0.333579000818
10.4198898899 0.322915581502
10.6200800801 0.312717461183
10.8202702703 0.30295811017
11.0204604605 0.293612884985
11.2206506507 0.284658868147
11.4208408408 0.276074723765
11.621031031 0.267840567176
11.8212212212 0.259937847048
12.0214114114 0.252349238594
12.2216016016 0.245058546682
12.4217917918 0.238050617786
12.621981982 0.231311259848
12.8221721722 0.22482716924
13.0223623624 0.218585864083
13.2225525526 0.21257562331
13.4227427427 0.206785430893
13.6229329329 0.201204924745
13.8231231231 0.195824349856
14.0233133133 0.190634515262
14.2235035035 0.185626754519
14.4236936937 0.180792889348
14.6238838839 0.176125196187
14.8240740741 0.171616375401
15.0242642643 0.167259522915
15.2244544545 0.16304810408
15.4246446446 0.158975929569
15.6248348348 0.155037133155
15.825025025 0.151226151204
16.0252152152 0.147537703739
16.2254054054 0.143966776958
16.4255955956 0.140508607072
16.6257857858 0.137158665364
16.825975976 0.13391264435
17.0261661662 0.130766444969
17.2263563564 0.127716164698
17.4265465465 0.124758086508
17.6267367367 0.121888668606
17.8269269269 0.11910453487
18.0271171171 0.116402465932
18.2273073073 0.113779390838
18.4274974975 0.111232379242
18.6276876877 0.108758634083
18.8278778779 0.106355484696
19.0280680681 0.10402038033
19.2282582583 0.101750884026
19.4284484484 0.0995446668348
19.6286386386 0.0973995023431
19.8288288288 0.095313261483
20.029019019 0.0932839076075
20.2292092092 0.091309491814
20.4293993994 0.0893881484983
20.6295895896 0.0875180911285
20.8297797798 0.0856976082268
21.02996997 0.0839250595486
21.2301601602 0.082198872452
21.4303503504 0.0805175384495
21.6305405405 0.0788796099363
21.8307307307 0.0772836970877
22.0309209209 0.0757284649224
22.2311111111 0.0742126305256
22.4313013013 0.072734960426
22.6314914915 0.0712942681241
22.8316816817 0.0698894117641
23.0318718719 0.0685192919472
23.2320620621 0.0671828496787
23.4322522523 0.0658790644445
23.6324424424 0.0646069524113
23.8326326326 0.0633655647447
24.0328228228 0.0621539860383
24.233013013 0.0609713328487
24.4332032032 0.0598167523288
24.6333933934 0.0586894209537
24.8335835836 0.057588543332
25.0337737738 0.0565133510962
25.233963964 0.0554631018656
25.4341541542 0.0544370782756
25.6343443443 0.0534345870655
25.8345345345 0.0524549582216
26.0347247247 0.0514975441669
26.2349149149 0.0505617189939
26.4351051051 0.0496468777339
26.6352952953 0.0487524356597
26.8354854855 0.0478778276158
27.0356756757 0.0470225073728
27.2358658659 0.0461859470026
27.4360560561 0.0453676362713
27.6362462462 0.0445670820472
27.8364364364 0.0437838077213
28.0366266266 0.0430173526391
28.2368168168 0.0422672715425
28.437007007 0.0415331340198
28.6371971972 0.040814523965
28.8373873874 0.040111039044
29.0375775776 0.0394222901699
29.2377677678 0.0387479009863
29.437957958 0.0380875073594
29.6381481481 0.0374407568805
29.8383383383 0.0368073083789
30.0385285285 0.0361868314466
30.2387187187 0.0355790059755
30.4389089089 0.0349835217094
30.6390990991 0.0344000778104
30.8392892893 0.0338283824415
31.0394794795 0.0332681523664
31.2396696697 0.0327191125676
31.4398598599 0.0321809958828
31.6400500501 0.0316535426607
31.8402402402 0.0311365004366
32.0404304304 0.030629623628
32.2406206206 0.0301326732502
32.4408108108 0.0296454166516
32.641001001 0.0291676272689
32.8411911912 0.0286990844014
33.0413813814 0.0282395730033
33.2415715716 0.027788883494
33.4417617618 0.0273468115853
33.641951952 0.0269131581237
33.8421421421 0.0264877289477
34.0423323323 0.0260703347582
34.2425225225 0.0256607910003
34.4427127127 0.0252589177565
34.6429029029 0.0248645396486
34.8430930931 0.0244774857476
35.0432832833 0.0240975894901
35.2434734735 0.0237246885995
35.4436636637 0.0233586250117
35.6438538539 0.0229992448032
35.844044044 0.0226463981207
36.0442342342 0.0222999391111
36.2444244244 0.0219597258519
36.4446146146 0.0216256202797
36.6448048048 0.0212974881168
36.844994995 0.020975198796
37.0451851852 0.0206586253818
37.2453753754 0.0203476444887
37.4455655656 0.0200421361964
37.6457557558 0.0197419839605
37.8459459459 0.0194470745208
38.0461361361 0.0191572978055
38.2463263263 0.0188725468327
38.4465165165 0.0185927176087
38.6467067067 0.0183177090247
38.8468968969 0.0180474227505
39.0470870871 0.0177817631279
39.2472772773 0.0175206370634
39.4474674675 0.0172639539198
39.6476576577 0.0170116254099
39.8478478478 0.0167635654906
40.048038038 0.0165196902592
40.2482282282 0.0162799178528
40.4484184184 0.0160441683507
40.6486086086 0.0158123636805
40.8487987988 0.0155844275296
41.048988989 0.0153602852609
41.2491791792 0.015139863834
41.4493693694 0.0149230917327
41.6495595596 0.0147098988979
41.8497497497 0.0145002166673
42.0499399399 0.0142939777205
42.2501301301 0.0140911160316
42.4503203203 0.0138915668267
42.6505105105 0.0136952665484
42.8507007007 0.0135021528257
43.0508908909 0.0133121644488
43.2510810811 0.0131252413502
43.4512712713 0.0129413245887
43.6514614615 0.0127603563389
43.8516516517 0.0125822798835
44.0518418418 0.0124070396087
44.252032032 0.0122345810018
44.4522222222 0.0120648506508
44.6524124124 0.011897796245
44.8526026026 0.0117333665764
45.0527927928 0.0115715115404
45.252982983 0.0114121821372
45.4531731732 0.0112553304708
45.6533633634 0.0111009097481
45.8535535536 0.0109488742745
46.0537437437 0.0107991794487
46.2539339339 0.0106517817547
46.4541241241 0.0105066387508
46.6543143143 0.0103637090561
46.8545045045 0.0102229523346
47.0546946947 0.0100843292758
47.2548848849 0.00994780157276
47.4550750751 0.00981333189788
47.6552652653 0.00968088387546
47.8554554555 0.00955042205256
48.0556456456 0.0094219118675
48.2558358358 0.00929531961665
48.456026026 0.00917061241985
48.6562162162 0.0090477581846
48.8564064064 0.00892672556954
49.0565965966 0.00880748394754
49.2567867868 0.00869000336876
49.456976977 0.008574254524
49.6571671672 0.00846020870882
49.8573573574 0.00834783778859
50.0575475475 0.00823711416496
50.2577377377 0.00812801074393
50.4579279279 0.00802050090585
50.6581181181 0.00791455847753
50.8583083083 0.00781015770669
51.0584984985 0.00770727323892
51.2586886887 0.0076058800972
51.4588788789 0.00750595366414
51.6590690691 0.00740746966694
51.8592592593 0.00731040416501
52.0594494494 0.00721473354035
52.2596396396 0.00712043449041
52.4598298298 0.00702748402351
52.66002002 0.00693585945652
52.8602102102 0.00684553841469
53.0604004004 0.00675649883342
53.2605905906 0.0066687189617
53.4607807808 0.00658217736704
53.660970971 0.00649685294155
53.8611611612 0.00641272490894
54.0613513514 0.00632977283215
54.2615415415 0.00624797662139
54.4617317317 0.00616731654217
54.6619219219 0.00608777322323
54.8621121121 0.00600932766399
55.0623023023 0.00593196124134
55.2624924925 0.00585565571548
55.4626826827 0.00578039323479
55.6628728729 0.00570615633927
55.8630630631 0.00563292796268
56.0632532533 0.0055606914331
56.2634434434 0.00548943047189
56.4636336336 0.00541912919092
56.6638238238 0.00534977208813
56.864014014 0.00528134404141
57.0642042042 0.00521383030068
57.2643943944 0.00514721647851
57.4645845846 0.00508148853907
57.6647747748 0.0050166327857
57.864964965 0.00495263584726
58.0651551552 0.0048894846632
58.2653453453 0.0048271664678
58.4655355355 0.00476566877354
58.6657257257 0.00470497935395
58.8659159159 0.00464508622603
59.0661061061 0.00458597763253
59.2662962963 0.00452764202434
59.4664864865 0.00447006804301
59.6666766767 0.00441324450389
59.8668668669 0.00435716037985
60.0670570571 0.00430180478588
60.2672472472 0.00424716696473
60.4674374374 0.00419323627377
60.6676276276 0.00414000217312
60.8678178178 0.00408745421532
61.068008008 0.00403558203645
61.2681981982 0.00398437534894
61.4683883884 0.003933823936
61.6685785786 0.00388391764778
61.8687687688 0.00383464639915
62.068958959 0.00378600016913
62.2691491491 0.00373796900197
62.4693393393 0.00369054300965
62.6695295295 0.00364371237585
62.8697197197 0.00359746736112
63.0699099099 0.00355179830927
63.2701001001 0.00350669565464
63.4702902903 0.00346214993026
63.6704804805 0.00341815177655
63.8706706707 0.00337469195048
64.0708608609 0.00333176133496
64.2710510511 0.00328935094824
64.4712412412 0.00324745195318
64.6714314314 0.00320605566612
64.8716216216 0.00316515356533
65.0718118118 0.0031247372986
65.272002002 0.00308479869016
65.4721921922 0.00304532974647
65.6723823824 0.00300632266103
65.8725725726 0.00296776981787
66.0727627628 0.00292966379393
66.272952953 0.00289199735994
66.4731431431 0.00285476348013
66.6733333333 0.00281795531045
66.8735235235 0.00278156619561
67.0737137137 0.0027455896647
67.2739039039 0.00271001942573
67.4740940941 0.00267484935899
67.6742842843 0.00264007350937
67.8744744745 0.00260568607796
68.0746646647 0.00257168141267
68.2748548549 0.00253805399854
68.475045045 0.00250479844739
68.6752352352 0.00247190948744
68.8754254254 0.00243938195271
69.0756156156 0.00240721077261
69.2758058058 0.00237539096184
69.475995996 0.00234391761072
69.6761861862 0.00231278587613
69.8763763764 0.00228199097332
70.0765665666 0.00225152816861
70.2767567568 0.00222139277312
70.4769469469 0.00219158013771
70.6771371371 0.00216208564926
70.8773273273 0.00213290472813
71.0775175175 0.0021040328272
71.2777077077 0.00207546543225
71.4778978979 0.00204719806379
71.6780880881 0.00201922628034
71.8782782783 0.00199154568315
72.0784684685 0.0019641519222
72.2786586587 0.00193704070354
72.4788488488 0.0019102077978
72.679039039 0.00188364904977
72.8792292292 0.00185736038895
73.0794194194 0.00183133784095
73.2796096096 0.00180557753953
73.4797997998 0.00178007573917
73.67998999 0.00175482882807
73.8801801802 0.00172983334129
74.0803703704 0.00170508597404
74.2805605606 0.00168058359474
74.4807507508 0.00165632325801
74.6809409409 0.00163230221712
74.8811311311 0.00160851793607
75.0813213213 0.00158496810095
75.2815115115 0.00156165063073
75.4817017017 0.0015385636871
75.6818918919 0.00151570568366
75.8820820821 0.00149307529411
76.0822722723 0.00147067145963
76.2824624625 0.00144849339537
76.4826526527 0.00142654059614
76.6828428428 0.00140481284128
76.883033033 0.00138331019886
77.0832232232 0.00136203302922
77.2834134134 0.0013409819881
77.4836036036 0.00132015802929
77.6837937938 0.00129956240708
77.883983984 0.00127919667866
78.0841741742 0.00125906270653
78.2843643644 0.00123916266113
78.4845545546 0.00121949902383
78.6847447447 0.00120007459047
78.8849349349 0.00118089247557
79.0851251251 0.00116195611724
79.2853153153 0.0011432692831
79.4855055055 0.00112483607715
79.6856956957 0.00110666094768
79.8858858859 0.00108874869636
80.0860760761 0.0010711044884
80.2862662663 0.00105373386385
80.4864564565 0.00103664274997
80.6866466466 0.00101983747462
80.8868368368 0.00100332478041
81.087027027 0.000987111839692
81.2872172172 0.000971206269977
81.4874074074 0.000955616149696
81.6875975976 0.000940350033954
81.8877877878 0.000925416970037
82.087977978 0.000910826512309
82.2881681682 0.00089658873616
82.4883583584 0.000882714250623
82.6885485485 0.00086921420925
82.8887387387 0.000856100318836
83.0889289289 0.000843384845564
83.2891191191 0.000831080618128
83.4893093093 0.000819201027401
83.6894994995 0.000807760022217
83.8896896897 0.000796772100846
84.0898798799 0.000786252297752
84.2900700701 0.000776216165268
84.4902602603 0.000766679749816
84.6904504505 0.00075765956238
84.8906406406 0.000749172542928
85.0908308308 0.000741236018579
85.291021021 0.000733867655323
85.4912112112 0.000727085403175
85.6914014014 0.000720907434696
85.8915915916 0.000715352076896
86.0917817818 0.000710437736568
86.291971972 0.000706182819202
86.4921621622 0.000702605641685
86.6923523524 0.000699724339058
86.8925425425 0.000697556765679
87.0927327327 0.000696120391227
87.2929229229 0.000695432192005
87.4931131131 0.000695508538122
87.6933033033 0.00069636507716
87.8934934935 0.000698016615003
88.0936836837 0.000700476994554
88.2938738739 0.00070375897313
88.4940640641 0.000707874099352
88.6942542543 0.000712832590388
88.8944444444 0.000718643210446
89.0946346346 0.00072531315142
89.2948248248 0.000732847916626
89.495015015 0.000741251208554
89.6952052052 0.000750524821563
89.8953953954 0.00076066854045
90.0955855856 0.000771680045787
90.2957757758 0.000783554826902
90.495965966 0.000796286103335
90.6961561562 0.000809864755573
90.8963463463 0.000824279265794
91.0965365365 0.000839515669317
91.2967267267 0.000855557517357
91.4969169169 0.000872385851637
91.6971071071 0.000889979191328
91.8972972973 0.000908313532682
92.0974874875 0.000927362361668
92.2976776777 0.000947096679805
92.4978678679 0.000967485043296
92.6980580581 0.000988493615484
92.8982482482 0.00101008623254
93.0984384384 0.00103222448218
93.2986286286 0.0010548677952
93.4988188188 0.00107797354932
93.699009009 0.00110149718501
93.8991991992 0.00112539233269
94.0993893894 0.00114961095062
94.2995795796 0.00117410347276
94.4997697698 0.00119881896592
94.69995996 0.00122370529512
94.9001501502 0.00124870929649
95.1003403403 0.00127377695645
95.3005305305 0.00129885359639
95.5007207207 0.00132388406161
95.7009109109 0.00134881291351
95.9011011011 0.00137358462385
96.1012912913 0.00139814377006
96.3014814815 0.00142243523033
96.5016716717 0.00144640437743
96.7018618619 0.00146999727015
96.9020520521 0.00149316084128
97.1022422422 0.00151584308097
97.3024324324 0.00153799321465
97.5026226226 0.00155956187434
97.7028128128 0.00158050126256
97.903003003 0.0016007653079
98.1031931932 0.00162030981159
98.3033833834 0.0016390925842
98.5035735736 0.00165707357192
98.7037637638 0.00167421497183
98.903953954 0.00169048133571
99.1041441441 0.00170583966198
99.3043343343 0.0017202594754
99.5045245245 0.00173371289443
99.7047147147 0.00174617468605
99.9049049049 0.00175762230792
100.105095095 0.00176803593811
100.305285285 0.0017773984923
100.505475475 0.00178569562879
100.705665666 0.00179291574154
100.905855856 0.00179904994165
101.106046046 0.00180409202753
101.306236236 0.00180803844446
101.506426426 0.00181088823389
101.706616617 0.00181264297315
101.906806807 0.00181330670615
102.106996997 0.0018128858658
102.307187187 0.00181138918881
102.507377377 0.00180882762349
102.707567568 0.00180521423156
102.907757758 0.00180056408441
103.107947948 0.00179489415479
103.308138138 0.00178822320463
103.508328328 0.00178057166968
103.708518519 0.00177196154181
103.908708709 0.00176241624967
104.108898899 0.00175196053839
104.309089089 0.00174062034899
104.509279279 0.00172842269821
104.709469469 0.00171539555934
104.90965966 0.00170156774462
105.10984985 0.00168696878975
105.31004004 0.00167162884101
105.51023023 0.0016555785455
105.71042042 0.00163884894478
105.910610611 0.00162147137238
106.110800801 0.00160347735549
106.310990991 0.00158489852097
106.511181181 0.00156576650612
106.711371371 0.00154611287416
106.911561562 0.00152596903472
107.111751752 0.00150536616934
107.311941942 0.00148433516209
107.512132132 0.0014629065352
107.712322322 0.00144111038993
107.912512513 0.00141897635231
108.112702703 0.00139653352388
108.312892893 0.00137381043729
108.513083083 0.00135083501655
108.713273273 0.00132763454179
108.913463463 0.00130423561846
109.113653654 0.00128066415059
109.313843844 0.00125694531813
109.514034034 0.00123310355793
109.714224224 0.00120916254835
109.914414414 0.00118514519714
110.114604605 0.0011610736324
110.314794795 0.00113696919642
110.514984985 0.0011128524422
110.715175175 0.00108874313233
110.915365365 0.00106466024018
111.115555556 0.00104062195305
111.315745746 0.0010166456772
111.515935936 0.000992748044451
111.716126126 0.000968944920394
111.916316316 0.000945251413786
112.116506507 0.000921681887201
112.316696697 0.000898249968684
112.516886887 0.000874968564317
112.717077077 0.000851849871584
112.917267267 0.000828905393423
113.117457457 0.000806145952883
113.317647648 0.0007835817083
113.517837838 0.000761222168909
113.718028028 0.00073907621085
113.918218218 0.000717152093494
114.118408408 0.000695457476042
114.318598599 0.00067399943436
114.518788789 0.000652784478009
114.718978979 0.000631818567436
114.919169169 0.000611107131297
115.119359359 0.000590655083878
115.31954955 0.000570466842607
115.51973974 0.000550546345612
115.71992993 0.000530897069318
115.92012012 0.000511522046046
116.12031031 0.000492423881617
116.320500501 0.000473604772901
116.520690691 0.000455066525324
116.720880881 0.000436810570285
116.921071071 0.000418837982464
117.121261261 0.000401149496999
117.321451451 0.000383745526494
117.521641642 0.000366626177845
117.721831832 0.00034979126883
117.922022022 0.000333240344463
118.122212212 0.000316972693053
118.322402402 0.000300987361958
118.522592593 0.000285283172993
118.722782783 0.00026985873746
118.922972973 0.000254712470785
119.123163163 0.000239842606715
119.323353353 0.000225247211062
119.523543544 0.000210924194972
119.723733734 0.000196871327677
119.923923924 0.000183086248741
120.124114114 0.000169566479758
120.324304304 0.000156309435493
120.524494494 0.000143312434472
120.724684685 0.000130572708993
120.924874875 0.000118087414565
121.125065065 0.000105853638774
121.325255255 9.38684095797e-05
121.525445445 8.21287030457e-05
121.725635636 7.06314505187e-05
121.925825826 5.93735452674e-05
122.126016016 4.83518485987e-05
122.326206206 3.75631954692e-05
122.526396396 2.7004399616e-05
122.726586587 1.66722582298e-05
122.926776777 6.56355619673e-06
123.126966967 -3.32493006284e-06
123.327157157 -1.29964291293e-05
123.527347347 -2.24541714631e-05
123.727537538 -3.17013865967e-05
123.927727728 -4.07413006094e-05
124.127917918 -4.95771338537e-05
124.328108108 -5.82120989027e-05
124.528298298 -6.66493986912e-05
124.728488488 -7.48922248193e-05
124.928678679 -8.29437559953e-05
125.128868869 -9.08071565902e-05
125.329059059 -9.84855752832e-05
125.529249249 -0.000105982143775
125.729439439 -0.000113299975554
125.92962963 -0.000120442164695
126.12981982 -0.000127411784679
126.33001001 -0.000134211887226
126.5302002 -0.000140845501126
126.73039039 -0.000147315631069
126.930580581 -0.000153625256464
127.130770771 -0.00015977733025
127.330960961 -0.000165774777698
127.531151151 -0.000171620495212
127.731341341 -0.000177317349121
127.931531532 -0.000182868174483
128.131721722 -0.000188275773897
128.331911912 -0.000193542916342
128.532102102 -0.000198672336041
128.732292292 -0.000203666731369
128.932482482 -0.000208528763813
129.132672673 -0.000213261056989
129.332862863 -0.000217866195738
129.533053053 -0.000222346725294
129.733243243 -0.000226705150555
129.933433433 -0.00023094393544
130.133623624 -0.000235065502365
130.333813814 -0.000239072231821
130.534004004 -0.000242966462078
130.734194194 -0.000246750489002
130.934384384 -0.000250426566008
131.134574575 -0.000253996904118
131.334764765 -0.000257463672162
131.534954955 -0.000260828997082
131.735145145 -0.000264094964364
131.935335335 -0.000267263618575
132.135525526 -0.000270336964001
132.335715716 -0.00027331696539
132.535905906 -0.00027620554877
132.736096096 -0.000279004602354
132.936286286 -0.000281715977496
133.136476476 -0.000284341489719
133.336666667 -0.000286882919763
133.536856857 -0.000289342014681
133.737047047 -0.000291720488936
133.937237237 -0.000294020025511
134.137427427 -0.000296242277005
134.337617618 -0.000298388866712
134.537807808 -0.000300461389666
134.737997998 -0.000302461413641
134.938188188 -0.000304390480112
135.138378378 -0.000306250105137
135.338568569 -0.000308041780189
135.538758759 -0.000309766972902
135.738948949 -0.000311427127749
135.939139139 -0.000313023666632
136.139329329 -0.000314557989388
136.33951952 -0.000316031474213
136.53970971 -0.000317445478005
136.7398999 -0.000318801336616
136.94009009 -0.000320100365035
137.14028028 -0.000321343857493
137.34047047 -0.000322533087493
137.540660661 -0.00032366930779
137.740850851 -0.000324753750302
137.941041041 -0.000325787625983
138.141231231 -0.000326772124654
138.341421421 -0.000327708414802
138.541611612 -0.000328597643362
138.741801802 -0.000329440935482
138.941991992 -0.000330239394294
139.142182182 -0.000330994100685
139.342372372 -0.000331706113084
139.542562563 -0.000332376467283
139.742752753 -0.000333006176276
139.942942943 -0.000333596230148
140.143133133 -0.000334147596009
140.343323323 -0.000334661217973
140.543513514 -0.000335138017203
140.743703704 -0.000335578892004
140.943893894 -0.000335984717993
141.144084084 -0.000336356348318
141.344274274 -0.000336694613954
141.544464464 -0.000337000324051
141.744654655 -0.000337274266358
141.944844845 -0.000337517207692
142.145035035 -0.000337729894471
142.345225225 -0.000337913053301
142.545415415 -0.000338067391597
142.745605606 -0.000338193598259
142.945795796 -0.000338292344372
143.145985986 -0.000338364283929
143.346176176 -0.000338410054589
143.546366366 -0.000338430278425
143.746556557 -0.000338425562696
143.946746747 -0.000338396500597
144.146936937 -0.000338343672013
144.347127127 -0.000338267644242
144.547317317 -0.000338168972698
144.747507508 -0.000338048201581
144.947697698 -0.000337905864508
145.147887888 -0.0003377424851
145.348078078 -0.000337558577522
145.548268268 -0.000337354646969
145.748458458 -0.000337131190103
145.948648649 -0.000336888695424
146.148838839 -0.000336627643592
146.349029029 -0.000336348507687
146.549219219 -0.000336051753411
146.749409409 -0.000335737839235
146.9495996 -0.000335407216494
147.14978979 -0.000335060329426
147.34997998 -0.000334697615171
147.55017017 -0.000334319503724
147.75036036 -0.000333926417848
147.950550551 -0.000333518772956
148.150740741 -0.000333096976972
148.350930931 -0.000332661430161
148.551121121 -0.000332212524952
148.751311311 -0.00033175064575
148.951501502 -0.000331276168743
149.151691692 -0.000330789461718
149.351881882 -0.000330290883878
149.552072072 -0.000329780785685
149.752262262 -0.000329259508711
149.952452452 -0.000328727385519
150.152642643 -0.000328184739573
150.352832833 -0.000327631885176
150.553023023 -0.000327069127446
150.753213213 -0.000326496762329
150.953403403 -0.000325915076642
151.153593594 -0.00032532434817
151.353783784 -0.000324724845788
151.553973974 -0.000324116829631
151.754164164 -0.000323500551296
151.954354354 -0.000322876254082
152.154544545 -0.000322244173268
152.354734735 -0.000321604536412
152.554924925 -0.000320957563688
152.755115115 -0.000320303468237
152.955305305 -0.000319642456547
153.155495495 -0.000318974728841
153.355685686 -0.000318300479482
153.555875876 -0.000317619897377
153.756066066 -0.000316933166389
153.956256256 -0.000316240465746
154.156446446 -0.000315541970434
154.356636637 -0.000314837851591
154.556826827 -0.000314128276874
154.757017017 -0.00031341341081
154.957207207 -0.000312693415127
155.157397397 -0.000311968449051
155.357587588 -0.00031123866958
155.557777778 -0.000310504231726
155.757967968 -0.000309765288721
155.958158158 -0.000309021992187
156.158348348 -0.000308274492283
156.358538539 -0.000307522937798
156.558728729 -0.000306767476227
156.758918919 -0.000306008253805
156.959109109 -0.000305245415504
157.159299299 -0.000304479105011
157.359489489 -0.000303709464669
157.55967968 -0.000302936635394
157.75986987 -0.000302160756569
157.96006006 -0.000301381965919
158.16025025 -0.00030060039937
158.36044044 -0.000299816190893
158.560630631 -0.00029902947234
158.760820821 -0.000298240373272
158.961011011 -0.000297449020793
159.161201201 -0.000296655539373
159.361391391 -0.000295860050687
159.561581582 -0.000295062673458
159.761771772 -0.00029426352331
159.961961962 -0.00029346271264
160.162152152 -0.000292660350506
160.362342342 -0.000291856542529
160.562532533 -0.000291051390823
160.762722723 -0.000290244993946
160.962912913 -0.000289437446871
161.163103103 -0.000288628840988
161.363293293 -0.000287819264127
161.563483483 -0.000287008800607
161.763673674 -0.000286197531308
161.963863864 -0.00028538553377
162.164054054 -0.000284572882311
162.364244244 -0.00028375964817
162.564434434 -0.000282945899664
162.764624625 -0.000282131702366
162.964814815 -0.000281317119296
163.165005005 -0.000280502211127
163.365195195 -0.000279687036393
163.565385385 -0.000278871651714
163.765575576 -0.000278056112017
163.965765766 -0.000277240470761
164.165955956 -0.000276424780159
164.366146146 -0.000275609091396
164.566336336 -0.000274793454841
164.766526527 -0.000273977920245
164.966716717 -0.000273162536929
165.166906907 -0.000272347353961
165.367097097 -0.00027153242031
165.567287287 -0.000270717784987
165.767477477 -0.000269903497162
165.967667668 -0.00026908960627
166.167857858 -0.000268276162084
166.368048048 -0.000267463214774
166.568238238 -0.000266650814944
166.768428428 -0.000265839013647
166.968618619 -0.000265027862376
167.168808809 -0.00026421741304
167.368998999 -0.000263407717923
167.569189189 -0.000262598829614
167.769379379 -0.000261790800937
167.96956957 -0.000260983684856
168.16975976 -0.000260177534374
168.36994995 -0.000259372402415
168.57014014 -0.000258568341707
168.77033033 -0.000257765404655
168.970520521 -0.000256963643212
169.170710711 -0.000256163108746
169.370900901 -0.000255363851914
169.571091091 -0.000254565922535
169.771281281 -0.000253769369472
169.971471471 -0.000252974240521
170.171661662 -0.000252180582306
170.371851852 -0.000251388440191
170.572042042 -0.000250597858201
170.772232232 -0.000249808878956
170.972422422 -0.000249021543623
171.172612613 -0.000248235891883
171.372802803 -0.000247451961911
171.572992993 -0.000246669790372
171.773183183 -0.000245889412441
171.973373373 -0.00024511086183
172.173563564 -0.000244334170833
172.373753754 -0.000243559370385
172.573943944 -0.000242786490142
172.774134134 -0.000242015558558
172.974324324 -0.000241246602988
173.174514515 -0.000240479649791
173.374704705 -0.000239714724445
173.574894895 -0.000238951851664
173.775085085 -0.000238191055521
173.975275275 -0.000237432359573
174.175465465 -0.000236675786983
174.375655656 -0.000235921360641
174.575845846 -0.000235169103276
174.776036036 -0.000234419037572
174.976226226 -0.000233671186262
175.176416416 -0.000232925572216
175.376606607 -0.000232182218521
175.576796797 -0.000231441148543
175.776986987 -0.000230702385971
175.977177177 -0.000229965954847
176.177367367 -0.000229231879582
176.377557558 -0.000228500184945
176.577747748 -0.000227770896041
176.777937938 -0.000227044038266
176.978128128 -0.000226319637242
177.178318318 -0.000225597718736
177.378508509 -0.000224878308559
177.578698699 -0.000224161432447
177.778888889 -0.000223447115928
177.979079079 -0.000222735384169
178.179269269 -0.000222026261812
178.379459459 -0.000221319772803
178.57964965 -0.0002206159402
178.77983984 -0.00021991478598
178.98003003 -0.000219216330841
179.18022022 -0.000218520593994
179.38041041 -0.000217827592961
179.580600601 -0.000217137343364
179.780790791 -0.000216449858731
179.980980981 -0.000215765150292
180.181171171 -0.000215083226798
180.381361361 -0.000214404094338
180.581551552 -0.000213727756175
180.781741742 -0.000213054212598
180.981931932 -0.000212383460781
181.182122122 -0.000211715494677
181.382312312 -0.000211050304913
181.582502503 -0.000210387878718
181.782692693 -0.000209728199876
181.982882883 -0.000209071248689
182.183073073 -0.000208417001978
182.383263263 -0.000207765433103
182.583453453 -0.000207116512009
182.783643644 -0.000206470205292
182.983833834 -0.000205826476301
183.184024024 -0.000205185285256
183.384214214 -0.000204546589389
183.584404404 -0.000203910343114
183.784594595 -0.000203276498215
183.984784785 -0.000202645004057
184.184974975 -0.00020201580781
184.385165165 -0.000201388854699
184.585355355 -0.000200764088266
184.785545546 -0.000200141450646
184.985735736 -0.000199520882853
185.185925926 -0.00019890232508
185.386116116 -0.000198285717006
185.586306306 -0.000197670998107
185.786496496 -0.000197058107975
185.986686687 -0.00019644698663
186.186876877 -0.000195837574845
186.387067067 -0.000195229814454
186.587257257 -0.000194623648668
186.787447447 -0.000194019022379
186.987637638 -0.000193415882452
187.187827828 -0.000192814178018
187.388018018 -0.000192213860745
187.588208208 -0.000191614885101
187.788398398 -0.000191017208602
187.988588589 -0.000190420792047
188.188778779 -0.000189825599728
188.388968969 -0.000189231599636
188.589159159 -0.000188638763633
188.789349349 -0.000188047067618
188.98953954 -0.000187456491665
189.18972973 -0.000186867020145
189.38991992 -0.000186278641821
189.59011011 -0.000185691349937
189.7903003 -0.000185105142265
189.99049049 -0.00018452002115
190.190680681 -0.000183935993525
190.390870871 -0.000183353070905
190.591061061 -0.000182771269365
190.791251251 -0.000182190609495
190.991441441 -0.000181611116338
191.191631632 -0.000181032819307
191.391821822 -0.000180455752086
191.592012012 -0.000179879952509
191.792202202 -0.000179305462428
191.992392392 -0.000178732327561
192.192582583 -0.000178160597325
192.392772773 -0.000177590324656
192.592962963 -0.000177021565811
192.793153153 -0.000176454380163
192.993343343 -0.000175888829976
193.193533534 -0.00017532498018
193.393723724 -0.000174762898121
193.593913914 -0.000174202653314
193.794104104 -0.00017364431718
193.994294294 -0.000173087962778
194.194484484 -0.000172533664528
194.394674675 -0.000171981497931
194.594864865 -0.000171431539283
194.795055055 -0.00017088386538
194.995245245 -0.000170338553228
195.195435435 -0.000169795679743
195.395625626 -0.000169255321455
195.595815816 -0.00016871755421
195.796006006 -0.000168182452872
195.996196196 -0.000167650091025
196.196386386 -0.000167120540686
196.396576577 -0.000166593872009
196.596766767 -0.000166070153005
196.796956957 -0.000165549449263
196.997147147 -0.000165031823679
197.197337337 -0.000164517336195
197.397527528 -0.000164006043546
197.597717718 -0.000163497999014
197.797907908 -0.000162993252204
197.998098098 -0.000162491848824
198.198288288 -0.00016199383048
198.398478478 -0.00016149923449
198.598668669 -0.000161008093714
198.798858859 -0.000160520436397
198.999049049 -0.000160036286035
199.199239239 -0.000159555661257
199.399429429 -0.000159078575727
199.59961962 -0.000158605038073
199.79980981 -0.000158135051828
200.0 -0.000157668615397
