0.01 5.45156546655
0.21019019019 5.38707024151
0.41038038038 5.21294904066
0.610570570571 4.94919437418
0.810760760761 4.62338722566
1.01095095095 4.26494224167
1.21114114114 3.90004851398
1.41133133133 3.5485239742
1.61152152152 3.22288016021
1.81171171171 2.9291194645
2.0119019019 2.66843684374
2.21209209209 2.43906339145
2.41228228228 2.23777995546
2.61247247247 2.06093787775
2.81266266266 1.90503113574
3.01285285285 1.76694974443
3.21304304304 1.6440456822
3.41323323323 1.53410756006
3.61342342342 1.43530142614
3.81361361361 1.34610635402
4.0138038038 1.26525646135
4.21399399399 1.19169256796
4.41418418418 1.12452319575
4.61437437437 1.0629934942
4.81456456456 1.00646054079
5.01475475475 0.954373660942
5.21494494494 0.906258674071
5.41513513514 0.861705210775
5.61532532533 0.820356440792
5.81551551552 0.781900702673
6.01570570571 0.746064642231
6.2158958959 0.712607555158
6.41608608609 0.681316696525
6.61627627628 0.65200337126
6.81646646647 0.624499659056
7.01665665666 0.598655657551
7.21684684685 0.574337151094
7.41703703704 0.551423630753
7.61722722723 0.529806605573
7.81741741742 0.509388156448
8.01760760761 0.490079692949
8.2177977978 0.471800880684
8.41798798799 0.454478712525
8.61817817818 0.438046701712
8.81836836837 0.422444178631
9.01855855856 0.407615676115
9.21874874875 0.393510390607
9.41893893894 0.380081708561
9.61912912913 0.367286789126
9.81931931932 0.355086195513
10.0195095095 0.34344356862
10.2196996997 0.332325337399
10.4198898899 0.321700461278
10.6200800801 0.311540200599
10.8202702703 0.301817911602
11.0204604605 0.292508862933
11.2206506507 0.28359007111
11.4208408408 0.275040152642
11.621031031 0.266839190864
11.8212212212 0.258968615754
12.0214114114 0.251411095228
12.2216016016 0.244150436624
12.4217917918 0.237171497218
12.621981982 0.230460102804
12.8221721722 0.224002973466
13.0223623624 0.217787655803
13.2225525526 0.211802460964
13.4227427427 0.206036407915
13.6229329329 0.200479171453
13.8231231231 0.19512103452
14.0233133133 0.189952844447
14.2235035035 0.184965972756
14.4236936937 0.180152278243
14.6238838839 0.175504073041
14.8240740741 0.171014091431
15.0242642643 0.166675461159
15.2244544545 0.16248167707
15.4246446446 0.158426576859
15.6248348348 0.154504318773
15.825025025 0.150709361095
16.0252152152 0.147036443283
16.2254054054 0.143480568597
16.4255955956 0.140036988114
16.6257857858 0.136701185988
16.825975976 0.13346886586
17.0261661662 0.130335938304
17.2263563564 0.127298509217
17.4265465465 0.124352869062
17.6267367367 0.121495482883
17.8269269269 0.118722981008
18.0271171171 0.116032150386
18.2273073073 0.113419926468
18.4274974975 0.110883385603
18.6276876877 0.108419737873
18.8278778779 0.106026320336
19.0280680681 0.103700590633
19.2282582583 0.101440120919
19.4284484484 0.0992425921045
19.6286386386 0.0971057883639
19.8288288288 0.0950275919073
20.029019019 0.0930059779905
20.2292092092 0.0910390101507
20.4293993994 0.0891248356592
20.6295895896 0.0872616811796
20.8297797798 0.0854478486255
21.02996997 0.0836817112117
21.2301601602 0.0819617096941
21.4303503504 0.0802863487946
21.6305405405 0.0786541938075
21.8307307307 0.0770638673837
22.0309209209 0.0755140464906
22.2311111111 0.0740034595437
22.4313013013 0.0725308837057
22.6314914915 0.071095142351
22.8316816817 0.0696951026893
23.0318718719 0.0683296735443
23.2320620621 0.0669978032824
23.4322522523 0.0656984778857
23.6324424424 0.0644307191626
23.8326326326 0.0631935830895
24.0328228228 0.0619861582777
24.233013013 0.0608075645555
24.4332032032 0.0596569516601
24.6333933934 0.0585334980293
24.8335835836 0.0574364096848
25.0337737738 0.0563649191997
25.233963964 0.0553182847396
25.4341541542 0.0542957891714
25.6343443443 0.0532967392305
25.8345345345 0.0523204647392
26.0347247247 0.0513663178699
26.2349149149 0.0504336724455
26.4351051051 0.0495219232726
26.6352952953 0.0486304855004
26.8354854855 0.0477587940015
27.0356756757 0.0469063027694
27.2358658659 0.0460724843301
27.4360560561 0.0452568291626
27.6362462462 0.0444588451282
27.8364364364 0.0436780569032
28.0366266266 0.0429140054171
28.2368168168 0.0421662472917
28.437007007 0.0414343542836
28.6371971972 0.0407179127267
28.8373873874 0.0400165229782
29.0375775776 0.0393297988664
29.2377677678 0.0386573671424
29.437957958 0.0379988669375
29.6381481481 0.0373539492265
29.8383383383 0.0367222763005
30.0385285285 0.0361035212501
30.2387187187 0.0354973674618
30.4389089089 0.0349035081286
30.6390990991 0.0343216457785
30.8392892893 0.0337514918203
31.0394794795 0.0331927661112
31.2396696697 0.0326451965444
31.4398598599 0.0321085186612
31.6400500501 0.0315824752851
31.8402402402 0.0310668161814
32.0404304304 0.0305612977409
32.2406206206 0.0300656826882
32.4408108108 0.0295797398148
32.641001001 0.0291032437358
32.8411911912 0.0286359746705
33.0413813814 0.0281777182447
33.2415715716 0.0277282653146
33.4417617618 0.0272874118101
33.641951952 0.0268549585972
33.8421421421 0.0264307113557
34.0423323323 0.0260144804736
34.2425225225 0.0256060809531
34.4427127127 0.025205332329
34.6429029029 0.0248120585964
34.8430930931 0.0244260881458
35.0432832833 0.0240472537052
35.2434734735 0.0236753922851
35.4436636637 0.0233103451277
35.6438538539 0.0229519576556
35.844044044 0.0226000794221
36.0442342342 0.0222545640585
36.2444244244 0.0219152692195
36.4446146146 0.0215820565252
36.6448048048 0.0212547914988
36.844994995 0.0209333434989
37.0451851852 0.0206175856472
37.2453753754 0.0203073947498
37.4455655656 0.020002651213
37.6457557558 0.0197032389532
37.8459459459 0.0194090453003
38.0461361361 0.0191199608963
38.2463263263 0.0188358795885
38.4465165165 0.0185566983171
38.6467067067 0.0182823170001
38.8468968969 0.0180126384135
39.0470870871 0.0177475680701
39.2472772773 0.0174870140952
39.4474674675 0.0172308871035
39.6476576577 0.016979100074
39.8478478478 0.0167315682285
40.048038038 0.0164882089102
40.2482282282 0.0162489414673
40.4484184184 0.0160136871399
40.6486086086 0.0157823689522
40.8487987988 0.0155549116106
41.048988989 0.0153312414087
41.2491791792 0.0151112861387
41.4493693694 0.0148949750114
41.6495595596 0.0146822385839
41.8497497497 0.0144730086951
42.0499399399 0.0142672184097
42.2501301301 0.0140648019713
42.4503203203 0.0138656947624
42.6505105105 0.0136698332728
42.8507007007 0.0134771550761
43.0508908909 0.0132875988119
43.2510810811 0.0131011041759
43.4512712713 0.0129176119148
43.6514614615 0.0127370638265
43.8516516517 0.0125594027649
44.0518418418 0.0123845726477
44.252032032 0.0122125184675
44.4522222222 0.0120431863035
44.6524124124 0.0118765233354
44.8526026026 0.0117124778566
45.0527927928 0.0115509992868
45.252982983 0.0113920381837
45.4531731732 0.0112355462522
45.6533633634 0.011081476351
45.8535535536 0.0109297824962
46.0537437437 0.0107804198617
46.2539339339 0.0106333447749
46.4541241241 0.0104885147095
46.6543143143 0.0103458882729
46.8545045045 0.0102054251906
47.0546946947 0.0100670862853
47.2548848849 0.00993083345293
47.4550750751 0.0097966296341
47.6552652653 0.0096644387826
47.8554554555 0.00953422583033
48.0556456456 0.00940595664943
48.2558358358 0.00927959801207
48.456026026 0.00915511754823
48.6562162162 0.00903248370196
48.8564064064 0.00891166568667
49.0565965966 0.00879263343991
49.2567867868 0.0086753575782
49.456976977 0.00855980935235
49.6571671672 0.00844596060377
49.8573573574 0.00833378372224
50.0575475475 0.00822325160559
50.2577377377 0.00811433762159
50.4579279279 0.00800701557251
50.6581181181 0.00790125966255
50.8583083083 0.00779704446843
51.0584984985 0.00769434491339
51.2586886887 0.00759313624463
51.4588788789 0.00749339401434
51.6590690691 0.00739509406444
51.8592592593 0.00729821251473
52.0594494494 0.00720272575478
52.2596396396 0.00710861043898
52.4598298298 0.00701584348498
52.66002002 0.00692440207498
52.8602102102 0.00683426365986
53.0604004004 0.00674540596574
53.2605905906 0.00665780700256
53.4607807808 0.00657144507467
53.660970971 0.00648629879265
53.8611611612 0.00640234708631
54.0613513514 0.00631956921839
54.2615415415 0.00623794479848
54.4617317317 0.00615745379698
54.6619219219 0.00607807655855
54.8621121121 0.00599979381488
55.0623023023 0.00592258669632
55.2624924925 0.00584643674212
55.4626826827 0.00577132590916
55.6628728729 0.00569723657868
55.8630630631 0.00562415156113
56.0632532533 0.00555205409873
56.2634434434 0.00548092786587
56.4636336336 0.00541075696707
56.6638238238 0.00534152593268
56.864014014 0.00527321971213
57.0642042042 0.005205823665
57.2643943944 0.0051393235498
57.4645845846 0.00507370551069
57.6647747748 0.00500895606229
57.864964965 0.00494506207276
58.0651551552 0.00488201074525
58.2653453453 0.00481978959815
58.4655355355 0.00475838644423
58.6657257257 0.00469778936894
58.8659159159 0.00463798670826
59.0661061061 0.00457896702627
59.2662962963 0.00452071909277
59.4664864865 0.00446323186122
59.6666766767 0.00440649444732
59.8668668669 0.00435049610846
60.0670570571 0.00429522622429
60.2672472472 0.00424067427876
60.4674374374 0.00418682984357
60.6676276276 0.00413368256365
60.8678178178 0.00408122214431
61.068008008 0.00402943834074
61.2681981982 0.00397832094941
61.4683883884 0.0039278598019
61.6685785786 0.0038780447609
61.8687687688 0.00382886571845
62.068958959 0.00378031259642
62.2691491491 0.00373237534911
62.4693393393 0.00368504396787
62.6695295295 0.0036383084876
62.8697197197 0.00359215899493
63.0699099099 0.00354658563797
63.2701001001 0.00350157863731
63.4702902903 0.00345712829809
63.6704804805 0.00341322502287
63.8706706707 0.00336985932508
64.0708608609 0.00332702184275
64.2710510511 0.00328470335215
64.4712412412 0.00324289478135
64.6714314314 0.00320158722308
64.8716216216 0.00316077194696
65.0718118118 0.00312044041064
65.272002002 0.0030805842698
65.4721921922 0.00304119538668
65.6723823824 0.00300226583714
65.8725725726 0.00296378791592
66.0727627628 0.00292575414026
66.272952953 0.00288815725151
66.4731431431 0.002850990215
66.6733333333 0.00281424621794
66.8735235235 0.0027779186655
67.0737137137 0.00274200117513
67.2739039039 0.00270648756916
67.4740940941 0.00267137186591
67.6742842843 0.00263664826928
67.8744744745 0.00260231115725
68.0746646647 0.00256835506922
68.2748548549 0.00253477469262
68.475045045 0.00250156484885
68.6752352352 0.00246872047895
68.8754254254 0.00243623662904
69.0756156156 0.00240410843604
69.2758058058 0.00237233111359
69.475995996 0.0023408999387
69.6761861862 0.00230981023918
69.8763763764 0.00227905738212
70.0765665666 0.00224863676362
70.2767567568 0.0022185437999
70.4769469469 0.00218877392003
70.6771371371 0.00215932256032
70.8773273273 0.00213018516052
71.0775175175 0.00210135716187
71.2777077077 0.0020728340071
71.4778978979 0.00204461114232
71.6780880881 0.00201668402086
71.8782782783 0.00198904810893
72.0784684685 0.00196169889314
72.2786586587 0.00193463188964
72.4788488488 0.00190784265491
72.679039039 0.00188132679793
72.8792292292 0.00185507999363
73.0794194194 0.00182909799737
73.2796096096 0.00180337666038
73.4797997998 0.00177791194576
73.67998999 0.001752699945
73.8801801802 0.00172773689464
74.0803703704 0.00170301919301
74.2805605606 0.00167854341667
74.4807507508 0.00165430633647
74.6809409409 0.00163030493298
74.8811311311 0.00160653641105
75.0813213213 0.00158299821348
75.2815115115 0.00155968803355
75.4817017017 0.00153660382633
75.6818918919 0.00151374381868
75.8820820821 0.00149110651794
76.0822722723 0.00146869071919
76.2824624625 0.00144649551119
76.4826526527 0.00142452028095
76.6828428428 0.00140276471709
76.883033033 0.00138122881204
77.0832232232 0.0013599128632
77.2834134134 0.00133881747324
77.4836036036 0.00131794354974
77.6837937938 0.00129729230432
77.883983984 0.00127686525152
78.0841741742 0.00125666420754
78.2843643644 0.00123669128932
78.4845545546 0.00121694891387
78.6847447447 0.0011974397984
78.8849349349 0.00117816696118
79.0851251251 0.00115913372361
79.2853153153 0.00114034371351
79.4855055055 0.00112180086987
79.6856956957 0.00110350944925
79.8858858859 0.00108547403381
80.0860760761 0.00106769954121
80.2862662663 0.00105019123628
80.4864564565 0.00103295474458
80.6866466466 0.00101599606765
80.8868368368 0.000999321600036
81.087027027 0.000982938147716
81.2872172172 0.000966852947985
81.4874074074 0.00095107369034
81.6875975976 0.000935608538205
81.8877877878 0.000920466151086
82.087977978 0.000905655706808
82.2881681682 0.000891186923404
82.4883583584 0.000877070080192
82.6885485485 0.000863316037548
82.8887387387 0.000849936254871
83.0889289289 0.00083694280619
83.2891191191 0.000824348392862
83.4893093093 0.000812166352811
83.6894994995 0.000800410665745
83.8896896897 0.000789095953791
84.0898798799 0.000778237477026
84.2900700701 0.000767851123382
84.4902602603 0.000757953392442
84.6904504505 0.000748561372692
84.8906406406 0.000739692711822
85.0908308308 0.000731365579742
85.291021021 0.000723598624022
85.4912112112 0.000716410917543
85.6914014014 0.000709821898208
85.8915915916 0.000703851300648
86.0917817818 0.000698519079937
86.291971972 0.000693845327398
86.4921621622 0.000689850178691
86.6923523524 0.000686553714445
86.8925425425 0.000683975853796
87.0927327327 0.000682136241264
87.2929229229 0.000681054127503
87.4931131131 0.000680748244535
87.6933033033 0.000681236676153
87.8934934935 0.000682536724266
88.0936836837 0.000684664772014
88.2938738739 0.000687636144551
88.4940640641 0.000691464968458
88.6942542543 0.000696164030773
88.8944444444 0.000701744638702
89.0946346346 0.000708216481065
89.2948248248 0.000715587492582
89.495015015 0.000723863722111
89.6952052052 0.00073304920593
89.8953953954 0.00074314584718
90.0955855856 0.000754153302538
90.2957757758 0.00076606887717
90.495965966 0.000778887428983
90.6961561562 0.000792601283126
90.8963463463 0.000807200157646
91.0965365365 0.000822671101135
91.2967267267 0.000838998443113
91.4969169169 0.000856163757833
91.6971071071 0.000874145842075
91.8972972973 0.00089292070742
92.0974874875 0.000912461587366
92.2976776777 0.000932738959583
92.4978678679 0.00095372058343
92.6980580581 0.00097537155281
92.8982482482 0.000997654364264
93.0984384384 0.00102052900014
93.2986286286 0.00104395302649
93.4988188188 0.00106788170539
93.699009009 0.00109226812092
93.8991991992 0.00111706331852
94.0993893894 0.00114221645659
94.2995795796 0.00116767496986
94.4997697698 0.0011933847433
94.69995996 0.00121929029585
94.9001501502 0.00124533497259
95.1003403403 0.00127146114453
95.3005305305 0.00129761041455
95.5007207207 0.00132372382834
95.7009109109 0.00134974208921
95.9011011011 0.00137560577517
96.1012912913 0.00140125555727
96.3014814815 0.00142663241766
96.5016716717 0.00145167786617
96.7018618619 0.00147633415413
96.9020520521 0.00150054448409
97.1022422422 0.00152425321426
97.3024324324 0.00154740605655
97.5026226226 0.00156995026698
97.7028128128 0.00159183482752
97.903003003 0.00161301061828
98.1031931932 0.00163343057922
98.3033833834 0.00165304986059
98.5035735736 0.00167182596126
98.7037637638 0.00168971885445
98.903953954 0.00170669110022
99.1041441441 0.00172270794438
99.3043343343 0.00173773740343
99.5045245245 0.00175175033534
99.7047147147 0.00176472049604
99.9049049049 0.00177662458158
100.105095095 0.0017874422561
100.305285285 0.00179715616568
100.505475475 0.00180575193849
100.705665666 0.00181321817142
100.905855856 0.00181954640373
101.106046046 0.00182473107826
101.306236236 0.00182876949068
101.506426426 0.00183166172752
101.706616617 0.00183341059366
101.906806807 0.00183402152998
102.106996997 0.00183350252204
102.307187187 0.0018318640006
102.507377377 0.00182911873482
102.707567568 0.00182528171897
102.907757758 0.00182037005367
103.107947948 0.00181440282239
103.308138138 0.00180740096419
103.508328328 0.00179938714355
103.708518519 0.00179038561812
103.908708709 0.00178042210527
104.108898899 0.0017695236482
104.309089089 0.00175771848238
104.509279279 0.00174503590302
104.709469469 0.00173150613438
104.90965966 0.00171716020138
105.10984985 0.00170202980417
105.31004004 0.0016861471963
105.51023023 0.0016695450667
105.71042042 0.00165225642626
105.910610611 0.00163431449901
106.110800801 0.00161575261848
106.310990991 0.00159660412936
106.511181181 0.00157690229474
106.711371371 0.00155668020895
106.911561562 0.00153597071632
107.111751752 0.00151480633569
107.311941942 0.00149321919078
107.512132132 0.00147124094637
107.712322322 0.00144890275028
107.912512513 0.00142623518082
108.112702703 0.00140326819989
108.312892893 0.00138003111121
108.513083083 0.00135655252382
108.713273273 0.00133286032032
108.913463463 0.00130898162982
109.113653654 0.00128494280528
109.313843844 0.00126076940501
109.514034034 0.00123648617795
109.714224224 0.00121211705269
109.914414414 0.00118768512963
110.114604605 0.00116321267638
110.314794795 0.00113872112583
110.514984985 0.00111423107682
110.715175175 0.00108976229704
110.915365365 0.00106533372807
111.115555556 0.00104096349217
111.315745746 0.00101666890071
111.515935936 0.000992466464082
111.716126126 0.000968371902738
111.916316316 0.000944400159432
112.116506507 0.000920565412306
112.316696697 0.000896881088806
112.516886887 0.000873359880266
112.717077077 0.000850013757062
112.917267267 0.000826853984249
113.117457457 0.000803891137594
113.317647648 0.000781135119951
113.517837838 0.000758595177909
113.718028028 0.000736279918681
113.918218218 0.000714197327175
114.118408408 0.000692354783245
114.318598599 0.000670759079071
114.518788789 0.000649416436665
114.718978979 0.000628332525475
114.919169169 0.000607512480086
115.119359359 0.000586960917995
115.31954955 0.000566681957453
115.51973974 0.000546679235365
115.71992993 0.000526955925232
115.92012012 0.000507514755122
116.12031031 0.000488358025654
116.320500501 0.000469487627985
116.520690691 0.000450905061763
116.720880881 0.000432611453042
116.921071071 0.000414607572121
117.121261261 0.000396893851279
117.321451451 0.000379470402387
117.521641642 0.000362337034348
117.721831832 0.000345493270339
117.922022022 0.000328938364821
118.122212212 0.000312671320269
118.322402402 0.000296690903598
118.522592593 0.000280995662231
118.722782783 0.000265583939784
118.922972973 0.000250453891325
119.123163163 0.000235603498168
119.323353353 0.000221030582181
119.523543544 0.000206732819556
119.723733734 0.000192707754034
119.923923924 0.000178952809543
120.124114114 0.000165465302234
120.324304304 0.000152242451899
120.524494494 0.000139281392753
120.724684685 0.000126579183568
120.924874875 0.000114132817162
121.125065065 0.000101939229234
121.325255255 8.9995306562e-05
121.525445445 7.82978945505e-05
121.725635636 6.68438041653e-05
121.925825826 5.56298182581e-05
122.126016016 4.46526973044e-05
122.326206206 3.39091845826e-05
122.526396396 2.33960108224e-05
122.726586587 1.31098983497e-05
122.926776777 3.04756476601e-06
123.126966967 -6.79427380352e-06
123.327157157 -1.64188998571e-05
123.527347347 -2.58295920207e-05
123.727537538 -3.50296228672e-05
123.927727728 -4.40222570169e-05
124.127917918 -5.28107494791e-05
124.328108108 -6.13983441947e-05
124.528298298 -6.9788272748e-05
124.728488488 -7.79837532119e-05
124.928678679 -8.59879890923e-05
125.128868869 -9.38041683438e-05
125.329059059 -0.000101435462431
125.529249249 -0.000108885025408
125.729439439 -0.000116155992996
125.92962963 -0.000123251481645
126.12981982 -0.000130174587559
126.33001001 -0.000136928385679
126.5302002 -0.000143515928612
126.73039039 -0.000149940245512
126.930580581 -0.000156204340892
127.130770771 -0.00016231119339
127.330960961 -0.000168263754482
127.531151151 -0.000174064947149
127.731341341 -0.000179717664516
127.931531532 -0.000185224768461
128.131721722 -0.000190589088223
128.331911912 -0.000195813419002
128.532102102 -0.000200900520593
128.732292292 -0.000205853116043
128.932482482 -0.000210673890366
129.132672673 -0.000215365489322
129.332862863 -0.000219930518275
129.533053053 -0.000224371541153
129.733243243 -0.000228691079513
129.933433433 -0.00023289161173
130.133623624 -0.000236975572316
130.333813814 -0.000240945351386
130.534004004 -0.000244803294267
130.734194194 -0.000248551701262
130.934384384 -0.00025219282758
131.134574575 -0.000255728883407
131.334764765 -0.000259162034152
131.534954955 -0.000262494400834
131.735145145 -0.000265728060628
131.935335335 -0.000268865047537
132.135525526 -0.000271907353213
132.335715716 -0.000274856927887
132.535905906 -0.000277715681409
132.736096096 -0.000280485484387
132.936286286 -0.000283168169403
133.136476476 -0.000285765532291
133.336666667 -0.000288279333463
133.536856857 -0.000290711299274
133.737047047 -0.000293063123388
133.937237237 -0.000295336468154
134.137427427 -0.000297532965957
134.337617618 -0.000299654220537
134.537807808 -0.000301701808261
134.737997998 -0.000303677279332
134.938188188 -0.000305582158925
135.138378378 -0.000307417948237
135.338568569 -0.000309186125445
135.538758759 -0.000310888146562
135.738948949 -0.000312525446185
135.939139139 -0.00031409943813
136.139329329 -0.000315611515961
136.33951952 -0.000317063053392
136.53970971 -0.000318455404594
136.7398999 -0.000319789904376
136.94009009 -0.000321067868276
137.14028028 -0.000322290592541
137.34047047 -0.000323459354032
137.540660661 -0.000324575410034
137.740850851 -0.000325639998003
137.941041041 -0.000326654335254
138.141231231 -0.000327619618592
138.341421421 -0.000328537023916
138.541611612 -0.000329407705795
138.741801802 -0.000330232797033
138.941991992 -0.000331013408235
139.142182182 -0.000331750627388
139.342372372 -0.000332445519464
139.542562563 -0.000333099126064
139.742752753 -0.000333712465108
139.942942943 -0.000334286530574
140.143133133 -0.000334822292312
140.343323323 -0.000335320695927
140.543513514 -0.000335782662733
140.743703704 -0.000336209089799
140.943893894 -0.000336600850078
141.144084084 -0.000336958792616
141.344274274 -0.000337283742862
141.544464464 -0.000337576503053
141.744654655 -0.00033783785269
141.944844845 -0.000338068549091
142.145035035 -0.000338269328022
142.345225225 -0.00033844090439
142.545415415 -0.000338583973008
142.745605606 -0.0003386992094
142.945795796 -0.000338787270663
143.145985986 -0.000338848796356
143.346176176 -0.000338884409408
143.546366366 -0.000338894717056
143.746556557 -0.000338880311769
143.946746747 -0.000338841772176
144.146936937 -0.000338779663971
144.347127127 -0.000338694540797
144.547317317 -0.000338586945086
144.747507508 -0.00033845740886
144.947697698 -0.000338306454479
145.147887888 -0.000338134595324
145.348078078 -0.000337942336422
145.548268268 -0.000337730174997
145.748458458 -0.000337498600945
145.948648649 -0.000337248097241
146.148838839 -0.000336979140259
146.349029029 -0.00033669220002
146.549219219 -0.000336387740363
146.749409409 -0.000336066219046
146.9495996 -0.000335728087767
147.14978979 -0.00033537379213
147.34997998 -0.000335003771544
147.55017017 -0.000334618459069
147.75036036 -0.000334218281218
147.950550551 -0.000333803657714
148.150740741 -0.000333375001216
148.350930931 -0.000332932717026
148.551121121 -0.000332477202772
148.751311311 -0.000332008848088
148.951501502 -0.000331528034294
149.151691692 -0.000331035134087
149.351881882 -0.000330530511241
149.552072072 -0.000330014520336
149.752262262 -0.000329487506515
149.952452452 -0.000328949805279
150.152642643 -0.000328401742317
150.352832833 -0.000327843633386
150.553023023 -0.00032727578424
150.753213213 -0.000326698490604
150.953403403 -0.000326112038211
151.153593594 -0.000325516702885
151.353783784 -0.000324912750677
151.553973974 -0.000324300438064
151.754164164 -0.000323680012184
151.954354354 -0.000323051711132
152.154544545 -0.000322415764294
152.354734735 -0.000321772392725
152.554924925 -0.000321121809561
152.755115115 -0.000320464220464
152.955305305 -0.000319799824089
153.155495495 -0.000319128812578
153.355685686 -0.000318451372058
153.555875876 -0.000317767683155
153.756066066 -0.0003170779215
153.956256256 -0.00031638225824
154.156446446 -0.000315680860529
154.356636637 -0.000314973892007
154.556826827 -0.000314261513254
154.757017017 -0.000313543882219
154.957207207 -0.000312821154613
155.157397397 -0.00031209348427
155.357587588 -0.000311361023465
155.557777778 -0.000310623923194
155.757967968 -0.000309882333406
155.958158158 -0.000309136403188
156.158348348 -0.000308386280912
156.358538539 -0.000307632114325
156.558728729 -0.000306874050601
156.758918919 -0.000306112236345
156.959109109 -0.00030534681756
157.159299299 -0.000304577939565
157.359489489 -0.00030380574689
157.55967968 -0.000303030383124
157.75986987 -0.000302251990746
157.96006006 -0.000301470710925
158.16025025 -0.0003006866833
158.36044044 -0.000299900045751
158.560630631 -0.00029911093415
158.760820821 -0.000298319482116
158.961011011 -0.000297525820764
159.161201201 -0.000296730078456
159.361391391 -0.000295932380571
159.561581582 -0.000295132849274
159.761771772 -0.000294331603313
159.961961962 -0.000293528757829
160.162152152 -0.0002927244242
160.362342342 -0.000291918709901
160.562532533 -0.000291111718399
160.762722723 -0.000290303549079
160.962912913 -0.000289494297202
161.163103103 -0.000288684053898
161.363293293 -0.000287872906188
161.563483483 -0.000287060937046
161.763673674 -0.000286248225487
161.963863864 -0.000285434846696
162.164054054 -0.000284620872172
162.364244244 -0.000283806369916
162.564434434 -0.000282991404632
162.764624625 -0.000282176037958
162.964814815 -0.000281360328707
163.165005005 -0.000280544333136
163.365195195 -0.000279728105213
163.565385385 -0.000278911696904
163.765575576 -0.000278095158457
163.965765766 -0.000277278538688
164.165955956 -0.000276461885266
164.366146146 -0.000275645244989
164.566336336 -0.000274828664046
164.766526527 -0.000274012188274
164.966716717 -0.000273195863391
165.166906907 -0.000272379735206
165.367097097 -0.000271563849817
165.567287287 -0.00027074825378
165.767477477 -0.000269932994246
165.967667668 -0.000269118119079
166.167857858 -0.000268303676944
166.368048048 -0.000267489717365
166.568238238 -0.000266676290755
166.768428428 -0.000265863448417
166.968618619 -0.000265051242524
167.168808809 -0.000264239726065
167.368998999 -0.000263428952773
167.569189189 -0.000262618977026
167.769379379 -0.000261809853733
167.96956957 -0.000261001638201
168.16975976 -0.000260194385983
168.36994995 -0.00025938815272
168.57014014 -0.00025858299397
168.77033033 -0.00025777896503
168.970520521 -0.000256976120763
169.170710711 -0.00025617451541
169.370900901 -0.000255374202425
169.571091091 -0.000254575234293
169.771281281 -0.000253777662377
169.971471471 -0.000252981536763
170.171661662 -0.000252186906123
170.371851852 -0.000251393817595
170.572042042 -0.000250602316675
170.772232232 -0.000249812447134
170.972422422 -0.000249024250953
171.172612613 -0.000248237768274
171.372802803 -0.000247453037383
171.572992993 -0.000246670094701
171.773183183 -0.000245888974813
171.973373373 -0.000245109710501
172.173563564 -0.000244332332814
172.373753754 -0.000243556871142
172.573943944 -0.000242783353323
172.774134134 -0.000242011805751
172.974324324 -0.000241242253515
173.174514515 -0.000240474720537
173.374704705 -0.000239709229725
173.574894895 -0.000238945803139
173.775085085 -0.000238184462154
173.975275275 -0.00023742522763
174.175465465 -0.00023666812008
174.375655656 -0.000235913159839
174.575845846 -0.000235160367221
174.776036036 -0.000234409762671
174.976226226 -0.000233661366908
175.176416416 -0.000232915201049
175.376606607 -0.000232171286723
175.576796797 -0.000231429646163
175.776986987 -0.000230690302279
175.977177177 -0.000229953278712
176.177367367 -0.00022921859986
176.377557558 -0.000228486290887
176.577747748 -0.000227756377702
176.777937938 -0.000227028886918
176.978128128 -0.000226303845781
177.178318318 -0.000225581282076
177.378508509 -0.000224861224017
177.578698699 -0.0002241437001
177.778888889 -0.000223428738948
177.979079079 -0.000222716369127
178.179269269 -0.00022200661895
178.379459459 -0.000221299516258
178.57964965 -0.000220595088198
178.77983984 -0.000219893360979
178.98003003 -0.000219194359625
179.18022022 -0.000218498107723
179.38041041 -0.000217804627167
179.580600601 -0.000217113937903
179.780790791 -0.000216426057673
179.980980981 -0.000215741001776
180.181171171 -0.000215058782825
180.381361361 -0.000214379410527
180.581551552 -0.000213702891469
180.781741742 -0.000213029228931
180.981931932 -0.00021235842271
181.182122122 -0.000211690468972
181.382312312 -0.000211025360125
181.582502503 -0.000210363084715
181.782692693 -0.000209703627361
181.982882883 -0.000209046968701
182.183073073 -0.000208393085382
182.383263263 -0.000207741950074
182.583453453 -0.000207093531508
182.783643644 -0.000206447794561
182.983833834 -0.000205804700348
183.184024024 -0.000205164206365
183.384214214 -0.000204526266645
183.584404404 -0.000203890831949
183.784594595 -0.00020325784998
183.984784785 -0.000202627265621
184.184974975 -0.000201999021197
184.385165165 -0.000201373056756
184.585355355 -0.000200749310372
184.785545546 -0.000200127718454
184.985735736 -0.000199508216083
185.185925926 -0.000198890737346
185.386116116 -0.000198275215691
185.586306306 -0.000197661584278
185.786496496 -0.000197049776341
185.986686687 -0.000196439725545
186.186876877 -0.000195831366348
186.387067067 -0.000195224634354
186.587257257 -0.000194619466665
186.787447447 -0.000194015802217
186.987637638 -0.000193413582116
187.187827828 -0.000192812749954
187.388018018 -0.000192213252117
187.588208208 -0.000191615038071
187.788398398 -0.000191018060637
187.988588589 -0.000190422276245
188.188778779 -0.000189827645169
188.388968969 -0.000189234131741
188.589159159 -0.000188641704545
188.789349349 -0.00018805033659
188.98953954 -0.000187460005458
189.18972973 -0.000186870693427
189.38991992 -0.000186282387582
189.59011011 -0.000185695079889
189.7903003 -0.000185108767254
189.99049049 -0.00018452345156
190.190680681 -0.000183939139676
190.390870871 -0.00018335584345
190.591061061 -0.000182773579675
190.791251251 -0.000182192370037
190.991441441 -0.000181612241039
191.191631632 -0.000181033223913
191.391821822 -0.000180455354501
191.592012012 -0.00017987867313
191.792202202 -0.000179303224457
191.992392392 -0.000178729057309
192.192582583 -0.000178156224497
192.392772773 -0.000177584782624
192.592962963 -0.000177014791868
192.793153153 -0.000176446315765
192.993343343 -0.000175879420967
193.193533534 -0.000175314176996
193.393723724 -0.000174750655987
193.593913914 -0.000174188932416
193.794104104 -0.000173629082825
193.994294294 -0.000173071185539
194.194484484 -0.000172515320367
194.394674675 -0.000171961568312
194.594864865 -0.000171410011261
194.795055055 -0.000170860731679
194.995245245 -0.000170313812299
195.195435435 -0.000169769335804
195.395625626 -0.000169227384513
195.595815816 -0.000168688040064
195.796006006 -0.000168151383094
195.996196196 -0.00016761749293
196.196386386 -0.000167086447269
196.396576577 -0.000166558321871
196.596766767 -0.000166033190252
196.796956957 -0.000165511123385
196.997147147 -0.000164992189407
197.197337337 -0.000164476453333
197.397527528 -0.000163963976779
197.597717718 -0.000163454817699
197.797907908 -0.00016294903013
197.998098098 -0.00016244666395
198.198288288 -0.000161947764655
198.398478478 -0.000161452373149
198.598668669 -0.000160960525547
198.798858859 -0.000160472253003
198.999049049 -0.000159987581555
199.199239239 -0.000159506531986
199.399429429 -0.000159029119716
199.59961962 -0.000158555354707
199.79980981 -0.000158085241396
200.0 -0.000157618778655
