0.01 15.249591522
0.21019019019 13.5018083115
0.41038038038 10.1642102948
0.610570570571 7.56767901902
0.810760760761 6.14988288196
1.01095095095 5.18148725653
1.21114114114 4.38964282928
1.41133133133 3.83851431542
1.61152152152 3.41122904801
1.81171171171 3.02736260492
2.0119019019 2.73020619071
2.21209209209 2.4899895437
2.41228228228 2.26411984644
2.61247247247 2.07751646054
2.81266266266 1.9241592826
3.01285285285 1.77657323653
3.21304304304 1.64855505975
3.41323323323 1.54253992332
3.61342342342 1.43954385437
3.81361361361 1.34651594366
4.0138038038 1.26905508049
4.21399399399 1.19383468077
4.41418418418 1.12347483867
4.61437437437 1.06449546133
4.81456456456 1.00767994683
5.01475475475 0.952899912455
5.21494494494 0.906530485804
5.41513513514 0.862467843093
5.61532532533 0.818886826775
5.81551551552 0.781488755059
6.01570570571 0.746562760561
6.2158958959 0.711317001856
6.41608608609 0.680527924597
6.61627627628 0.652317692443
6.81646646647 0.623447147811
7.01665665666 0.597675705557
7.21684684685 0.574502626976
7.41703703704 0.550612871014
7.61722722723 0.528754026169
7.81741741742 0.509422140505
8.01760760761 0.489487763099
8.2177977978 0.470753808559
8.41798798799 0.454393364071
8.61817817818 0.437638701062
8.81836836837 0.421454509824
9.01855855856 0.407423374632
9.21874874875 0.393247418556
9.41893893894 0.379183051594
9.61912912913 0.367002053668
9.81931931932 0.354929781975
10.0195095095 0.342655948023
10.2196996997 0.331965017185
10.4198898899 0.321615093782
10.6200800801 0.310873113626
10.8202702703 0.301400575159
11.0204604605 0.29246342513
11.2206506507 0.283044696394
11.4208408408 0.27458514963
11.621031031 0.266807741207
11.8212212212 0.258539605654
12.0214114114 0.250937568583
12.2216016016 0.2441125708
12.4217917918 0.236848581814
12.621981982 0.229986113797
12.8221721722 0.223943904282
13.0223623624 0.217557139758
13.2225525526 0.211344270073
13.4227427427 0.205946783052
13.6229329329 0.200325290272
13.8231231231 0.194692520799
14.0233133133 0.189828312461
14.2235035035 0.184872079194
14.4236936937 0.179764500382
14.6238838839 0.175344638541
14.8240740741 0.170963659229
15.0242642643 0.166336372859
15.2244544545 0.162290905387
15.4246446446 0.158404023499
15.6248348348 0.154218652549
15.825025025 0.150493497388
16.0252152152 0.147027773352
16.2254054054 0.143249887567
16.4255955956 0.139804050374
16.6257857858 0.136694461873
16.825975976 0.133291780312
17.0261661662 0.130094846494
17.2263563564 0.127284163544
17.4265465465 0.124225403269
17.6267367367 0.12125527123
17.8269269269 0.118693979841
18.0271171171 0.115948230609
18.2273073073 0.113189073521
18.4274974975 0.110835254584
18.6276876877 0.108371766738
18.8278778779 0.105812219695
19.0280680681 0.10363131684
19.2282582583 0.101419596486
19.4284484484 0.0990511724256
19.6286386386 0.0970156096403
19.8288288288 0.095025724609
20.029019019 0.0928414666538
20.2292092092 0.0909301039946
20.4293993994 0.089133118895
20.6295895896 0.0871265009904
20.8297797798 0.0853239412454
21.02996997 0.0836924128319
21.2301601602 0.0818564964938
21.4303503504 0.0801522705002
21.6305405405 0.0786607444187
21.8307307307 0.0769875920969
22.0309209209 0.0753752617967
22.2311111111 0.0740007236017
22.4313013013 0.0724810609034
22.6314914915 0.0709572849735
22.8316816817 0.0696795282954
23.0318718719 0.0683026368595
23.2320620621 0.0668662446487
23.4322522523 0.0656681297257
23.6324424424 0.0644219430677
23.8326326326 0.063073059624
24.0328228228 0.0619406447154
24.233013013 0.0608120105489
24.4332032032 0.059551269877
24.6333933934 0.0584738082821
24.8335835836 0.0574488756105
25.0337737738 0.0562767522343
25.233963964 0.0552465567958
25.4341541542 0.0543112422003
25.6343443443 0.0532275214644
25.8345345345 0.0522397061114
26.0347247247 0.0513801927938
26.2349149149 0.0503835908423
26.4351051051 0.0494357061578
26.6352952953 0.0486389320462
26.8354854855 0.0477268677109
27.0356756757 0.0468184541179
27.2358658659 0.0460725511118
27.4360560561 0.0452410641132
27.6362462462 0.0443731510023
27.8364364364 0.0436678046458
28.0366266266 0.0429116068935
28.2368168168 0.0420861881155
28.437007007 0.041412895354
28.6371971972 0.0407255361741
28.8373873874 0.03994505301
29.0375775776 0.0392972652525
29.2377677678 0.038671386881
29.437957958 0.0379382477448
29.6381481481 0.037311395429
29.8383383383 0.0367390519801
30.0385285285 0.036055214601
30.2387187187 0.0354466183697
30.4389089089 0.0349196305073
30.6390990991 0.0342862674922
30.8392892893 0.0336949488545
31.0394794795 0.0332052668849
31.2396696697 0.0326225294268
31.4398598599 0.0320489399422
31.6400500501 0.0315889898914
31.8402402402 0.03105587725
32.0404304304 0.0305015692333
32.2406206206 0.0300645592157
32.4408108108 0.0295788940098
32.641001001 0.0290461577917
32.8411911912 0.0286263260072
33.0413813814 0.0281848283822
33.2415715716 0.0276763215564
33.4417617618 0.0272691121841
33.641951952 0.0268675596943
33.8421421421 0.0263859523681
34.0423323323 0.0259881110621
34.2425225225 0.02562156615
34.4427127127 0.0251692233872
34.6429029029 0.024778809731
34.8430930931 0.0244418932164
35.0432832833 0.024020611904
35.2434734735 0.0236369318447
35.4436636637 0.0233241192831
35.6438538539 0.0229349320876
35.844044044 0.0225583986252
36.0442342342 0.0222643163853
36.2444244244 0.0219073701929
36.4446146146 0.02153930488
36.6448048048 0.0212590043639
36.844994995 0.0209335153586
37.0451851852 0.0205759066369
37.2453753754 0.0203050981703
37.4455655656 0.0200093807347
37.6457557558 0.0196646173171
37.8459459459 0.0193998493086
38.0461361361 0.0191314113451
38.2463263263 0.0188020096518
38.4465165165 0.0185407833775
38.6467067067 0.018296476805
38.8468968969 0.0179848209088
39.0470870871 0.0177256363815
39.2472772773 0.0175018486817
39.4474674675 0.0172099595198
39.6476576577 0.0169522930889
39.8478478478 0.016745164059
40.048038038 0.0164745119278
40.2482282282 0.0162187310332
40.4484184184 0.0160243782416
40.6486086086 0.0157757489883
40.8487987988 0.0155229736207
41.048988989 0.0153377105461
41.2491791792 0.0151111317356
41.4493693694 0.0148630553286
41.6495595596 0.014683587581
41.8497497497 0.0144783164612
42.0499399399 0.0142370009876
42.2501301301 0.0140605882631
42.4503203203 0.0138751589306
42.6505105105 0.01364281982
42.8507007007 0.0134673941096
43.0508908909 0.0132997171806
43.2510810811 0.0130785133729
43.4512712713 0.0129027473318
43.6514614615 0.0127502520693
43.8516516517 0.0125420952732
44.0518418418 0.0123654183291
44.252032032 0.0122252246657
44.4522222222 0.0120316196919
44.6524124124 0.0118541830596
44.8526026026 0.011723289414
45.0527927928 0.0115452145905
45.252982983 0.0113678097715
45.4531731732 0.0112432821457
45.6533633634 0.0110811155658
45.8535535536 0.010905053901
46.0537437437 0.0107842024233
46.2539339339 0.0106376963655
46.4541241241 0.0104646596115
46.6543143143 0.0103451903369
46.8545045045 0.0102134928168
47.0546946947 0.0100453663271
47.2548848849 0.0099254985434
47.4550750751 0.00980721786206
47.6552652653 0.0096459187495
47.8554554555 0.00952446106992
48.0556456456 0.00941776657382
48.2558358358 0.00926507910799
48.456026026 0.00914146094272
48.6562162162 0.0090442111053
48.8564064064 0.00890164059662
49.0565965966 0.00877589895797
49.2567867868 0.00868578648118
49.456976977 0.0085544411406
49.6571671672 0.00842716591282
49.8573573574 0.00834186887705
50.0575475475 0.0082223767715
50.2577377377 0.00809462037452
50.4579279279 0.00801194858468
50.6581181181 0.00790441404204
50.8583083083 0.00777757364569
51.0584984985 0.00769560013502
51.2586886887 0.00759960094643
51.4588788789 0.00747528290501
51.6590690691 0.00739245201691
51.8592592593 0.00730707582129
52.0594494494 0.00718695277728
52.2596396396 0.00710215823439
52.4598298298 0.00702607373215
52.66002002 0.00691174482849
52.8602102102 0.00682437354038
53.0604004004 0.00675592985937
53.2605905906 0.00664879375929
53.4607807808 0.00655873366158
53.660970971 0.00649607944846
53.8611611612 0.00639722848725
54.0613513514 0.00630484127734
54.2615415415 0.00624605402988
54.4617317317 0.00615619594945
54.6619219219 0.00606225800612
54.8621121121 0.00600547381973
55.0623023023 0.00592488528484
55.2624924925 0.00583050214032
55.4626826827 0.0057740364079
55.6628728729 0.00570255007124
55.8630630631 0.00560905146162
56.0632532533 0.00555150212495
56.2634434434 0.00548852658854
56.4636336336 0.00539735022462
56.6638238238 0.00533767679495
56.864014014 0.00528224655089
57.0642042042 0.005194819263
57.2643943944 0.00513239287491
57.4645845846 0.00508324334961
57.6647747748 0.00500086813896
57.864964965 0.00493549018906
58.0651551552 0.00489115146832
58.2653453453 0.00481490827505
58.4655355355 0.00474679757204
58.6657257257 0.0047056993585
58.8659159159 0.00463636611336
59.0661061061 0.00456611674379
59.2662962963 0.00452669662488
59.4664864865 0.00446469547485
59.6666766767 0.00439320961015
59.8668668669 0.00435401681269
60.0670570571 0.00429938845169
60.2672472472 0.00422778996432
60.4674374374 0.00418757741577
60.6676276276 0.00413998435039
60.8678178178 0.00406952025862
61.068008008 0.00402731888968
61.2681981982 0.00398607637499
61.4683883884 0.00391801372837
61.6685785786 0.00387318443196
61.8687687688 0.00383731586065
62.068958959 0.00377284168604
62.2691491491 0.00372510208522
62.4693393393 0.00369341396076
62.6695295295 0.00363354535927
62.8697197197 0.00358297041327
63.0699099099 0.00355414078464
63.2701001001 0.00349965124122
63.4702902903 0.00344664858146
63.6704804805 0.00341932203753
63.8706706707 0.0033706885841
64.0708608609 0.0033159512114
64.2710510511 0.00328883328293
64.4712412412 0.0032462074648
64.6714314314 0.00319064793568
64.8716216216 0.00316259202787
65.0718118118 0.00312579579196
65.272002002 0.00307046718334
65.4721921922 0.00304054793207
65.6723823824 0.00300909372235
65.8725725726 0.00295510341996
66.0727627628 0.00292267155461
66.272952953 0.00289580419776
66.4731431431 0.00284422687024
66.6733333333 0.00280894218891
66.8735235235 0.00278569870558
67.0737137137 0.00273749469823
67.2739039039 0.00269933548676
67.4740940941 0.00267861784963
67.6742842843 0.00263456266622
67.8744744745 0.00259381168137
68.0746646647 0.00257446682292
68.2748548549 0.00253509641293
68.475045045 0.00249230526645
68.6752352352 0.0024732063483
68.8754254254 0.00243878165585
69.0756156156 0.00239471696142
69.2758058058 0.00237484006266
69.475995996 0.00234533282442
69.6761861862 0.00230090869459
69.8763763764 0.00227939962191
70.0765665666 0.00225449982038
70.2767567568 0.00221070213941
70.4769469469 0.00218692895405
70.6771371371 0.00216607276493
70.8773273273 0.00212388107784
71.0775175175 0.00209746910494
71.2777077077 0.0020798847318
71.4778978979 0.00204019755665
71.6780880881 0.00201104499006
71.8782782783 0.00199581255266
72.0784684685 0.00195938146351
72.2786586587 0.00192765511146
72.4788488488 0.00191377583637
72.679039039 0.00188115282979
72.8792292292 0.00184726496153
73.0794194194 0.00183373437375
73.2796096096 0.00180523590124
73.4797997998 0.00176980445908
73.67998999 0.00175568412469
73.8801801802 0.00173137383557
74.0803703704 0.00169516937721
74.2805605606 0.00167965199582
74.4807507508 0.00165934279788
74.6809409409 0.0016232263675
74.8811311311 0.00160568964079
75.0813213213 0.00158896426182
75.2815115115 0.00155382090776
75.4817017017 0.00153386656089
75.6818918919 0.00152011448787
75.8820820821 0.00148678732455
76.0822722723 0.00146426285697
76.2824624625 0.00145273043206
76.4826526527 0.00142195998085
76.6828428428 0.00139696207376
76.883033033 0.00138681170582
77.0832232232 0.00135918476266
77.2834134134 0.0013320446715
77.4836036036 0.00132241863102
77.6837937938 0.00129833014133
77.883983984 0.00126958274406
78.0841741742 0.0012596668596
78.2843643644 0.00123929728178
78.4845545546 0.00120963662921
78.6847447447 0.00119871939058
78.8849349349 0.0011820288742
79.0851251251 0.00115225401878
79.2853153153 0.00113977708822
79.4855055055 0.00112651656487
79.6856956957 0.00109747206005
79.8858858859 0.00108306894807
80.0860760761 0.00107280701471
80.2862662663 0.00104532273875
80.4864564565 0.001028843346
80.6866466466 0.00102100669485
80.8868368368 0.000995841545562
81.087027027 0.000977361331853
81.2872172172 0.000971285524857
81.4874074074 0.000949079076572
81.6875975976 0.000928892714877
81.8877877878 0.000923879381669
82.087977978 0.000905114835205
82.2881681682 0.000883715262684
82.4883583584 0.000879091364445
82.6885485485 0.000864072123183
82.8887387387 0.000842116846422
83.0889289289 0.000837291528275
83.2891191191 0.000826132586058
83.4893093093 0.000804399874918
83.6894994995 0.000798914631426
83.8896896897 0.000791548754062
84.0898798799 0.000770886925385
84.2900700701 0.000764455314549
84.4902602603 0.00076065283407
84.6904504505 0.000741926154577
84.8906406406 0.000734460074932
85.0908308308 0.000733860082712
85.291021021 0.000717894900641
85.4912112112 0.00070951544141
85.6914014014 0.000711665345719
85.8915915916 0.000699199903815
86.0917817818 0.000690231918064
86.291971972 0.000694631779952
86.4921621622 0.000686272786656
86.6923523524 0.000677223536127
86.8925425425 0.000683371348509
87.0927327327 0.000679559823985
87.2929229229 0.000671083214899
87.4931131131 0.00067851735354
87.6933033033 0.000679505566925
87.8934934935 0.000672354552871
88.0936836837 0.000680689989867
88.2938738739 0.00068653051541
88.4940640641 0.000681501108852
88.6942542543 0.000690456599001
88.8944444444 0.000701003692784
89.0946346346 0.000698874634662
89.2948248248 0.000708288904706
89.495015015 0.000723211596987
89.6952052052 0.000724684044131
89.8953953954 0.000734519965913
90.0955855856 0.000753325528134
90.2957757758 0.000758967106785
90.495965966 0.000769303836189
90.6961561562 0.000791369659639
90.8963463463 0.000801566902961
91.0965365365 0.000812580938344
91.2967267267 0.000837192390584
91.4969169169 0.00085211495504
91.6971071071 0.00086405193624
91.8972972973 0.000890443467202
92.0974874875 0.000910022656282
92.2976776777 0.000923162426511
92.4978678679 0.000950559094769
92.6980580581 0.000974482176129
92.8982482482 0.000989100114631
93.0984384384 0.00101675679486
93.2986286286 0.00104447745541
93.4988188188 0.00106080532742
93.699009009 0.00108804113205
93.8991991992 0.00111880526221
94.0993893894 0.00113699481538
94.2995795796 0.00116322069425
94.4997697698 0.00119610561198
94.69995996 0.00121619788347
94.9001501502 0.0012409359214
95.1003403403 0.00127490021869
95.3005305305 0.00129680303273
95.5007207207 0.00131969660653
95.7009109109 0.00135363709188
95.9011011011 0.00137711256747
96.1012912913 0.00139792720641
96.3014814815 0.00143073897814
96.5016716717 0.00145540208853
96.7018618619 0.00147401755828
96.9020520521 0.00150465310234
97.1022422422 0.00152998148904
97.3024324324 0.00154637623954
97.5026226226 0.0015738996044
97.7028128128 0.00159925401445
97.903003003 0.00161348365488
98.1031931932 0.00163711619942
98.3033833834 0.00166177014557
98.5035735736 0.00167394199813
98.7037637638 0.0016930968953
98.903953954 0.00171627348751
99.1041441441 0.00172651950012
99.3043343343 0.00174082305305
99.5045245245 0.00176173645966
99.7047147147 0.00177018681013
99.9049049049 0.00177948562702
100.105095095 0.00179738432388
100.305285285 0.00180414392241
100.505475475 0.00180849802735
100.705665666 0.00182270689976
100.905855856 0.00182783670513
101.106046046 0.00182749965348
101.306236236 0.00183745812822
101.506426426 0.00184096275715
101.706616617 0.00183635070591
101.906806807 0.00184164439551
102.106996997 0.00184346696034
102.307187187 0.00183511935195
102.507377377 0.00183550316472
102.707567568 0.00183552766317
102.907757758 0.0018240626713
103.107947948 0.00181947394177
103.308138138 0.00181753489331
103.508328328 0.00180360301968
103.708518519 0.00179416390021
103.908708709 0.00179006232247
104.108898899 0.00177430151632
104.309089089 0.00176031059252
104.509279279 0.00175383488751
104.709469469 0.00173683029546
104.90965966 0.00171874409808
105.10984985 0.00170969401133
105.31004004 0.00169194498268
105.51023023 0.00167035071832
105.71042042 0.0016585622759
105.910610611 0.00164045859223
106.110800801 0.00161603996348
106.310990991 0.00160140920325
106.511181181 0.00158321772675
106.711371371 0.00155671612614
106.911561562 0.00153921952622
107.111751752 0.00152108163167
107.311941942 0.00149325524748
107.512132132 0.00147296501042
107.712322322 0.00145490434361
107.912512513 0.00142648779703
108.112702703 0.00140358055009
108.312892893 0.00138551990293
108.513083083 0.00135718694224
108.713273273 0.00133194493294
108.913463463 0.00131373039536
109.113653654 0.00128606191582
109.313843844 0.00125886637432
109.514034034 0.00124029645799
109.714224224 0.001213755714
109.914414414 0.00118507267436
110.114604605 0.00116592982977
110.314794795 0.00114084618905
110.514984985 0.00111120565854
110.715175175 0.00109128753857
110.915365365 0.00106784953137
111.115555556 0.00103781942587
111.315745746 0.0010169673816
111.515935936 0.000995225164632
111.716126126 0.000965381845901
111.916316316 0.000943504457201
112.116506507 0.000923381181956
112.316696697 0.000894278707299
112.516886887 0.000871368619518
112.717077077 0.000852679612804
112.917267267 0.000824819918625
113.117457457 0.000800962838209
113.317647648 0.000783441005522
113.517837838 0.000757247185326
113.718028028 0.000732622533066
113.918218218 0.000715948015944
114.118408408 0.000691742626106
114.318598599 0.000666616006642
114.518788789 0.000650447886575
114.718978979 0.000628437838261
114.919169169 0.000603146109403
115.119359359 0.000587153868328
115.31954955 0.000567422972186
115.51973974 0.000542353243429
115.71992993 0.000526245767992
115.92012012 0.000508755428388
116.12031031 0.000484319746734
116.320500501 0.000467869892505
116.520690691 0.000452467844872
116.720880881 0.000429075610849
116.921071071 0.000412138706317
117.121261261 0.000398575101499
117.321451451 0.000376605382729
117.521641642 0.000359130523714
117.721831832 0.000347080131749
117.922022022 0.000326856001686
118.122212212 0.000308889530496
118.322402402 0.000297978402806
118.522592593 0.000279745235751
118.722782783 0.000261426376021
118.922972973 0.000251261000568
119.123163163 0.000235170319577
119.323353353 0.000216719506323
119.523543544 0.000206916336608
119.723733734 0.00019301636699
119.923923924 0.000174717331264
120.124114114 0.000164930575795
120.324304304 0.00015316413775
120.524494494 0.000135341239047
120.724684685 0.000125286959663
120.924874875 0.000115496778936
121.125065065 9.84893963133e-05
121.325255255 8.79642670882e-05
121.525445445 7.99052334853e-05
121.725635636 6.40412069482e-05
121.925825826 5.29347053525e-05
122.126016016 4.62921056362e-05
122.326206206 3.18622515843e-05
122.526396396 2.01615566792e-05
122.726586587 1.4573885588e-05
122.926776777 1.80949327645e-06
123.126966967 -1.04030872494e-05
123.327157157 -1.531844697e-05
123.527347347 -2.6263485765e-05
123.727537538 -3.88201878581e-05
123.927727728 -4.3440308173e-05
124.127917918 -5.25014565871e-05
124.328108108 -6.51649478152e-05
124.528298298 -6.98356545664e-05
124.728488488 -7.70429565304e-05
124.928678679 -8.95271195028e-05
125.128868869 -9.45400821875e-05
125.329059059 -0.000100016352296
125.529249249 -0.000112010312255
125.729439439 -0.000117584527332
125.92962963 -0.000121536728741
126.12981982 -0.000132730270755
126.33001001 -0.000138999197104
126.5302002 -0.000141703734926
126.73039039 -0.000151812193085
126.930580581 -0.000158817368183
127.130770771 -0.00016060046774
127.330960961 -0.000169387247765
127.531151151 -0.000177078729515
127.731341341 -0.000178293416763
127.931531532 -0.000185588525455
128.131721722 -0.000193832003167
128.331911912 -0.000194833434413
128.532102102 -0.000200546716156
128.732292292 -0.000209136651598
128.932482482 -0.000210257635997
129.132672673 -0.000214385831956
129.332862863 -0.000223063562662
129.533053053 -0.000224592078957
129.733243243 -0.000227219296524
129.933433433 -0.000235694688732
130.133623624 -0.000237855022417
130.333813814 -0.000239146694986
130.534004004 -0.000247121696803
130.734194194 -0.000250060530732
130.934384384 -0.000250251425343
131.134574575 -0.000257443758121
131.334764765 -0.000261222162542
131.534954955 -0.000260599420527
131.735145145 -0.000266764664118
131.935335335 -0.000271356480966
132.135525526 -0.000270239024119
132.335715716 -0.000275189496663
132.535905906 -0.000280486132493
132.736096096 -0.000279202010822
132.936286286 -0.000282821103645
133.136476476 -0.000288642271844
133.336666667 -0.000287505652833
133.536856857 -0.000289756635558
133.737047047 -0.00029586615674
133.937237237 -0.000295155653633
134.137427427 -0.000296084386327
134.337617618 -0.0003022097971
134.537807808 -0.000302149707125
134.737997998 -0.000301881153377
134.938188188 -0.000307735613383
135.138378378 -0.000308481397775
135.338568569 -0.000307210291007
135.538758759 -0.000312515133889
135.738948949 -0.000314144139067
135.939139139 -0.000312120580329
136.139329329 -0.000316626834529
136.33951952 -0.000319134853766
136.53970971 -0.000316645981717
136.7398999 -0.000320153291098
136.94009009 -0.000323457128506
137.14028028 -0.00032080627544
137.34047047 -0.000323177867842
137.540660661 -0.000327123624179
137.740850851 -0.000324608537075
137.941041041 -0.000325781203117
138.141231231 -0.000330157587971
138.341421421 -0.000328049339452
138.541611612 -0.000328037768815
138.741801802 -0.000332593385634
138.941991992 -0.000331117524896
139.142182182 -0.000330012773912
139.342372372 -0.000334476048896
139.542562563 -0.000333797354444
139.742752753 -0.000331759654835
139.942942943 -0.000335859906536
140.143133133 -0.000336071816429
140.343323323 -0.000333318348394
140.543513514 -0.000336806433402
140.743703704 -0.000337925867173
140.943893894 -0.000334714480582
141.144084084 -0.000337381504637
141.344274274 -0.00033934938196
141.544464464 -0.000335959531782
141.744654655 -0.000337652279644
141.944844845 -0.000340339615217
142.145035035 -0.000337051961955
142.345225225 -0.000337683959727
142.545415415 -0.000340903003114
142.745605606 -0.00033797920398
142.945795796 -0.000337536663867
143.145985986 -0.000341056187721
143.346176176 -0.000338720365951
143.546366366 -0.000337262650219
143.746556557 -0.00034082619658
143.946746747 -0.000339249429481
144.146936937 -0.000336904078591
144.347127127 -0.00034024977182
144.547317317 -0.00033953869536
144.747507508 -0.000336491464779
144.947697698 -0.000339371904343
145.147887888 -0.000339562212527
145.348078078 -0.000336042924033
145.548268268 -0.000338243686423
145.748458458 -0.000339298932053
145.948648649 -0.000335564242793
146.148838839 -0.000336919646542
146.349029029 -0.000338735354288
146.549219219 -0.000335049759091
146.749409409 -0.000335454769135
146.9495996 -0.000337867481304
147.14978979 -0.000334483976282
147.34997998 -0.000333901425926
147.55017017 -0.000336701944457
147.75036036 -0.000333843785794
147.950550551 -0.000332306452772
148.150740741 -0.000335256243411
148.350930931 -0.000333101135242
148.551121121 -0.000330708595373
148.751311311 -0.000333558102414
148.951501502 -0.00033222595042
149.151691692 -0.000329136519006
149.351881882 -0.000331644016145
149.552072072 -0.000331189104795
149.752262262 -0.000327607533856
149.952452452 -0.000329557116465
150.152642643 -0.00032996522949
150.352832833 -0.000326127132252
150.553023023 -0.000327344538764
150.753213213 -0.000328535170109
150.953403403 -0.000324689371326
151.153593594 -0.00032505449896
151.353783784 -0.000326887923154
151.553973974 -0.00032327806924
151.754164164 -0.00032273330775
151.954354354 -0.000325021922344
152.154544545 -0.00032186872042
152.354734735 -0.000320422546972
152.554924925 -0.000322945591636
152.755115115 -0.000320430980452
152.955305305 -0.000318156614938
153.155495495 -0.000320677134007
153.355685686 -0.00031893152853
153.555875876 -0.000315960814843
153.756066066 -0.000318243579281
153.956256256 -0.000317337087863
154.156446446 -0.000313850116122
154.356636637 -0.000315679167041
154.556826827 -0.000315617374634
154.757017017 -0.000311828666442
154.957207207 -0.000313023188162
155.157397397 -0.000313747754228
155.357587588 -0.000309890075712
155.557777778 -0.000310317447085
155.757967968 -0.000311711408547
155.958158158 -0.000308018437132
156.158348348 -0.000307603533784
156.358538539 -0.000309500858235
156.558728729 -0.000306189998063
156.758918919 -0.000304920107908
156.959109109 -0.00030711873538
157.159299299 -0.000304375348997
157.359489489 -0.000302300396157
157.55967968 -0.000304577761088
157.75986987 -0.000302541964555
157.96006006 -0.000299770087796
158.16025025 -0.000301899943612
158.36044044 -0.000300656908681
158.560630631 -0.000297345783262
158.760820821 -0.000299115071684
158.961011011 -0.000298689507935
159.161201201 -0.00029503410919
159.361391391 -0.000296258629577
159.561581582 -0.000296613802365
159.761771772 -0.000292831563061
159.961961962 -0.000293369301656
160.162152152 -0.000294410602213
160.362342342 -0.000290725095685
160.562532533 -0.000290486261814
160.762722723 -0.000292069009353
160.962912913 -0.000288693384543
161.163103103 -0.000287646455714
161.363293293 -0.000289587302662
161.563483483 -0.000286708699448
161.763673674 -0.000284882080263
161.963863864 -0.000286973133118
162.164054054 -0.000284739217814
162.364244244 -0.000282218445844
162.564434434 -0.00028424302421
162.764624625 -0.00028275161365
162.964814815 -0.00027967237446
163.165005005 -0.000281421222852
163.365195195 -0.000280713724813
163.565385385 -0.000277251244049
163.765575576 -0.000278537991955
163.965765766 -0.000278597098399
164.165955956 -0.000274952738943
164.366146146 -0.000275627474779
164.566336336 -0.000276379224671
164.766526527 -0.000272765312877
164.966716717 -0.000272725290685
165.166906907 -0.000274045295038
165.367097097 -0.00027066931828
165.567287287 -0.000269866039881
165.767477477 -0.000271589356916
165.967667668 -0.000268638707308
166.167857858 -0.000267080899832
166.368048048 -0.000269014785082
166.568238238 -0.000266643169929
166.768428428 -0.000264395487996
166.968618619 -0.000266334041701
167.168808809 -0.000264650544981
167.368998999 -0.000261828145191
167.569189189 -0.000263567751415
167.769379379 -0.000262629323416
167.96956957 -0.00025938876233
168.16975976 -0.000260743169489
168.36994995 -0.000260551059492
168.57014014 -0.000257078232851
168.77033033 -0.00025789216587
168.970520521 -0.000258392515658
169.170710711 -0.000254888566874
169.370900901 -0.000255048883085
169.571091091 -0.000256137389214
169.771281281 -0.000252803654284
169.971471471 -0.000252247248404
170.171661662 -0.000253777501675
170.371851852 -0.000250800616271
170.572042042 -0.000249518529253
170.772232232 -0.000251313372588
170.972422422 -0.000248851641693
171.172612613 -0.000246889114948
171.372802803 -0.000248754145362
171.572992993 -0.000246926169491
171.773183183 -0.000244378688347
171.973373373 -0.000246116880163
172.173563564 -0.000244993253579
172.373753754 -0.000241998919349
172.573943944 -0.000243425274381
172.774134134 -0.00024302393389
172.974324324 -0.000239752770976
173.174514515 -0.000240707911714
173.374704705 -0.000240993437876
173.574894895 -0.000237634461564
173.775085085 -0.000237996173628
173.975275275 -0.000238883050382
174.175465465 -0.000235630076797
174.375655656 -0.000235321969539
174.575845846 -0.000236681515344
174.776036036 -0.000233718776597
174.976226226 -0.000232715452981
175.176416416 -0.000234385868256
175.376606607 -0.000231874498034
175.576796797 -0.000230202889661
175.776986987 -0.000232001641157
175.977177177 -0.000230068019663
176.177367367 -0.000227804830155
176.377557558 -0.000229542428894
176.577747748 -0.000228269227554
176.777937938 -0.000225534715922
176.978128128 -0.000227028853002
177.178318318 -0.000226449410649
177.378508509 -0.000223398014495
177.578698699 -0.000224487004341
177.778888889 -0.000224583413527
177.979079079 -0.000221391940293
178.179269269 -0.000221946484065
178.379459459 -0.000222651488027
178.57964965 -0.000219505774639
178.77983984 -0.000219438191797
178.98003003 -0.000220640709998
179.18022022 -0.000217721754834
179.38041041 -0.000216992027675
179.580600601 -0.000218545861814
179.780790791 -0.000216016461301
179.980980981 -0.000214634680272
180.181171171 -0.000216369722575
180.381361361 -0.000214362596382
180.581551552 -0.000212387664755
180.781741742 -0.000214122752766
180.981931932 -0.00021273102097
181.182122122 -0.000210265755636
181.382312312 -0.000211822205239
181.582502503 -0.000211092897657
181.782692693 -0.000208275927873
181.982882883 -0.000209490736449
182.183073073 -0.000209421782822
182.383263263 -0.000206416881197
182.583453453 -0.000207154627872
182.783643644 -0.000207695515269
182.983833834 -0.00020467917832
183.184024024 -0.0002048417548
183.384214214 -0.000205897765276
183.584404404 -0.000203045981617
183.784594595 -0.000202579456575
183.984784785 -0.00020401913416
184.184974975 -0.000201494328497
184.385165165 -0.000200392467704
184.585355355 -0.000202057728498
184.785545546 -0.000199996846217
184.985735736 -0.000198301062896
185.185925926 -0.000200019172578
185.386116116 -0.000198523775241
185.586306306 -0.000196319551465
185.786496496 -0.000197916064443
185.986686687 -0.000197045148761
186.186876877 -0.000194455229403
186.387067067 -0.000195766922047
186.587257257 -0.000195532966191
186.787447447 -0.000192707862673
186.987637638 -0.000193594703596
187.187827828 -0.000193963200882
187.388018018 -0.000191069735613
187.588208208 -0.000191425017055
187.788398398 -0.000192317496526
187.988588589 -0.000189526256577
188.188778779 -0.000189284156017
188.388968969 -0.000190584431576
188.589159159 -0.000188057072118
188.789349349 -0.000187197110866
188.98953954 -0.000188760264417
189.18972973 -0.000186637604176
189.38991992 -0.000185185704638
189.59011011 -0.000186849111364
189.7903003 -0.000185240894248
189.99049049 -0.000183266992206
190.190680681 -0.000184862551896
190.390870871 -0.000183839616943
190.591061061 -0.000181452040499
190.791251251 -0.000182818697807
190.991441441 -0.000182408113877
191.191631632 -0.000179745177694
191.391821822 -0.000180740801721
191.592012012 -0.000180924298296
191.792202202 -0.000178143763227
191.992392392 -0.000178655513161
192.192582583 -0.000179371291211
192.392772773 -0.00017663849077
192.592962963 -0.000176590914673
192.793153153 -0.000177738670326
192.993343343 -0.000175214196061
193.193533534 -0.000174574484726
193.393723724 -0.0001760232421
193.593913914 -0.000173851103657
193.794104104 -0.000172631137394
193.994294294 -0.000174229282674
194.194484484 -0.000172526414115
194.394674675 -0.000170781480917
194.594864865 -0.000172368232482
194.795055055 -0.000171216108224
194.995245245 -0.000169040419139
195.195435435 -0.000170457869394
195.395625626 -0.000169896829475
195.595815816 -0.000167416192709
195.796006006 -0.000168521023043
195.996196196 -0.000168547701081
196.196386386 -0.000165909923124
196.396576577 -0.00016658392607
196.596766767 -0.000167151939839
196.796956957 -0.000164515684843
196.997147147 -0.000164674324031
197.197337337 -0.000165698145632
197.397527528 -0.000163221091585
197.597717718 -0.000162819482663
197.797907908 -0.000164181170774
197.998098098 -0.000162008345407
198.198288288 -0.00016104423796
198.398478478 -0.000162602505946
198.598668669 -0.00016085566397
198.798858859 -0.000159369230628
198.999049049 -0.000160970156446
199.199239239 -0.000159738974918
199.399429429 -0.000157809452275
199.59961962 -0.000159298021206
199.79980981 -0.000158633748276
200.0 -0.000156373207135
