0.01 0.595776266057
0.21019019019 0.595587109645
0.41038038038 0.595054438061
0.610570570571 0.594179493094
0.810760760761 0.592964311496
1.01095095095 0.591411715922
1.21114114114 0.589525302408
1.41133133133 0.587309424466
1.61152152152 0.584769173909
1.81171171171 0.581910358515
2.0119019019 0.578739476707
2.21209209209 0.575263689388
2.41228228228 0.57149078913
2.61247247247 0.567429166916
2.81266266266 0.563087776639
3.01285285285 0.558476097602
3.21304304304 0.553604095235
3.41323323323 0.548482180289
3.61342342342 0.543121166749
3.81361361361 0.537532228729
4.0138038038 0.531726856591
4.21399399399 0.525716812572
4.41418418418 0.519514086137
4.61437437437 0.513130849348
4.81456456456 0.506579412463
5.01475475475 0.499872180023
5.21494494494 0.493021607642
5.41513513514 0.486040159733
5.61532532533 0.478940268358
5.81551551552 0.471734293406
6.01570570571 0.464434484278
6.2158958959 0.457052943227
6.41608608609 0.449601590519
6.61627627628 0.442092131534
6.81646646647 0.434536025908
7.01665665666 0.426944458841
7.21684684685 0.41932831461
7.41703703704 0.411698152384
7.61722722723 0.40406418435
7.81741741742 0.396436256205
8.01760760761 0.388823829994
8.2177977978 0.381235969319
8.41798798799 0.373681326865
8.61817817818 0.366168134234
8.81836836837 0.358704194019
9.01855855856 0.351296874066
9.21874874875 0.343953103853
9.41893893894 0.336679372889
9.61912912913 0.329481731061
9.81931931932 0.322365790812
10.0195095095 0.315336731055
10.2196996997 0.308399302706
10.4198898899 0.301557835713
10.6200800801 0.294816247482
10.8202702703 0.288178052554
11.0204604605 0.281646373425
11.2206506507 0.275223952381
11.4208408408 0.26891316423
11.621031031 0.262716029805
11.8212212212 0.256634230123
12.0214114114 0.250669121085
12.2216016016 0.244821748608
12.4217917918 0.239092864077
12.621981982 0.233482940026
12.8221721722 0.227992185936
13.0223623624 0.222620564079
13.2225525526 0.217367805307
13.4227427427 0.212233424716
13.6229329329 0.207216737114
13.8231231231 0.202316872223
14.0233133133 0.197532789561
14.2235035035 0.192863292948
14.4236936937 0.188307044588
14.6238838839 0.183862578695
14.8240740741 0.17952831462
15.0242642643 0.175302569456
15.2244544545 0.171183570095
15.4246446446 0.167169464717
15.6248348348 0.163258333711
15.825025025 0.159448200003
16.0252152152 0.155737038796
16.2254054054 0.15212278672
16.4255955956 0.1486033504
16.6257857858 0.145176614441
16.825975976 0.141840448847
17.0261661662 0.138592715878
17.2263563564 0.135431276373
17.4265465465 0.132353995542
17.6267367367 0.129358748252
17.8269269269 0.126443423823
18.0271171171 0.123605930365
18.2273073073 0.12084419866
18.4274974975 0.118156185629
18.6276876877 0.115539877394
18.8278778779 0.112993291965
19.0280680681 0.110514481568
19.2282582583 0.108101534648
19.4284484484 0.105752577557
19.6286386386 0.103465775956
19.8288288288 0.101239335948
20.029019019 0.0990715049717
20.2292092092 0.0969605724648
20.4293993994 0.0949048703215
20.6295895896 0.0929027731645
20.8297797798 0.0909526984462
21.02996997 0.0890531063963
21.2301601602 0.0872024998332
21.4303503504 0.0853994238519
21.6305405405 0.0836424654043
21.8307307307 0.0819302527838
22.0309209209 0.0802614550274
22.2311111111 0.0786347812456
22.4313013013 0.0770489798907
22.6314914915 0.0755028379747
22.8316816817 0.0739951802431
23.0318718719 0.0725248683146
23.2320620621 0.0710907997932
23.4322522523 0.06969190736
23.6324424424 0.0683271578498
23.8326326326 0.0669955513186
24.0328228228 0.0656961201064
24.233013013 0.0644279279003
24.4332032032 0.0631900688007
24.6333933934 0.0619816663942
24.8335835836 0.0608018728371
25.0337737738 0.0596498679502
25.233963964 0.0585248583287
25.4341541542 0.0574260764677
25.6343443443 0.0563527799066
25.8345345345 0.0553042503906
26.0347247247 0.054279793054
26.2349149149 0.0532787356234
26.4351051051 0.0523004276419
26.6352952953 0.0513442397158
26.8354854855 0.0504095627828
27.0356756757 0.0494958074025
27.2358658659 0.0486024030689
27.4360560561 0.0477287975451
27.6362462462 0.0468744562193
27.8364364364 0.0460388614833
28.0366266266 0.0452215121312
28.2368168168 0.0444219227793
28.437007007 0.043639623307
28.6371971972 0.0428741583165
28.8373873874 0.0421250866128
29.0375775776 0.0413919807024
29.2377677678 0.0406744263101
29.437957958 0.0399720219139
29.6381481481 0.0392843782973
29.8383383383 0.0386111181178
30.0385285285 0.0379518754924
30.2387187187 0.0373062955976
30.4389089089 0.0366740342856
30.6390990991 0.0360547577143
30.8392892893 0.0354481419915
31.0394794795 0.0348538728327
31.2396696697 0.0342716452317
31.4398598599 0.0337011631439
31.6400500501 0.0331421391812
31.8402402402 0.0325942943192
32.0404304304 0.0320573576144
32.2406206206 0.0315310659332
32.4408108108 0.0310151636904
32.641001001 0.0305094025978
32.8411911912 0.030013541422
33.0413813814 0.0295273457516
33.2415715716 0.0290505877729
33.4417617618 0.0285830460541
33.641951952 0.0281245053371
33.8421421421 0.0276747563377
34.0423323323 0.0272335955523
34.2425225225 0.0268008250725
34.4427127127 0.0263762524061
34.6429029029 0.0259596903045
34.8430930931 0.0255509565967
35.0432832833 0.0251498740289
35.2434734735 0.0247562701105
35.4436636637 0.024369976965
35.6438538539 0.0239908311861
35.844044044 0.0236186737
36.0442342342 0.0232533496314
36.2444244244 0.0228947081746
36.4446146146 0.0225426024693
36.6448048048 0.0221968894807
36.844994995 0.0218574298835
37.0451851852 0.0215240879503
37.2453753754 0.0211967314434
37.4455655656 0.0208752315105
37.6457557558 0.0205594625843
37.8459459459 0.020249302285
38.0461361361 0.0199446313261
38.2463263263 0.0196453334238
38.4465165165 0.0193512952092
38.6467067067 0.0190624061431
38.8468968969 0.0187785584343
39.0470870871 0.01849964696
39.2472772773 0.0182255691888
39.4474674675 0.0179562251071
39.6476576577 0.0176915171464
39.8478478478 0.0174313501146
40.048038038 0.0171756311282
40.2482282282 0.0169242695471
40.4484184184 0.0166771769123
40.6486086086 0.0164342668838
40.8487987988 0.0161954551827
41.048988989 0.0159606595328
41.2491791792 0.0157297996062
41.4493693694 0.0155027969691
41.6495595596 0.0152795750296
41.8497497497 0.0150600589881
42.0499399399 0.0148441757878
42.2501301301 0.0146318540676
42.4503203203 0.0144230241164
42.6505105105 0.0142176178285
42.8507007007 0.0140155686607
43.0508908909 0.0138168115904
43.2510810811 0.0136212830751
43.4512712713 0.0134289210134
43.6514614615 0.0132396647066
43.8516516517 0.0130534548221
44.0518418418 0.0128702333572
44.252032032 0.012689943605
44.4522222222 0.0125125301198
44.6524124124 0.0123379386851
44.8526026026 0.0121661162816
45.0527927928 0.0119970110566
45.252982983 0.0118305722937
45.4531731732 0.0116667503839
45.6533633634 0.0115054967979
45.8535535536 0.0113467640579
46.0537437437 0.0111905057118
46.2539339339 0.0110366763068
46.4541241241 0.0108852313646
46.6543143143 0.0107361273571
46.8545045045 0.0105893216825
47.0546946947 0.0104447726424
47.2548848849 0.0103024394195
47.4550750751 0.0101622820557
47.6552652653 0.0100242614311
47.8554554555 0.00988833924361
48.0556456456 0.00975447798846
48.2558358358 0.00962264093928
48.456026026 0.00949279212897
48.6562162162 0.00936489633136
48.8564064064 0.00923891904335
49.0565965966 0.00911482646745
49.2567867868 0.00899258549493
49.456976977 0.00887216368931
49.6571671672 0.00875352927031
49.8573573574 0.0086366510983
50.0575475475 0.0085214986591
50.2577377377 0.00840804204916
50.4579279279 0.00829625196123
50.6581181181 0.00818609967035
50.8583083083 0.00807755702016
51.0584984985 0.0079705964097
51.2586886887 0.00786519078043
51.4588788789 0.00776131360369
51.6590690691 0.0076589388684
51.8592592593 0.00755804106915
52.0594494494 0.0074585951946
52.2596396396 0.00736057671613
52.4598298298 0.00726396157682
52.66002002 0.00716872618074
52.8602102102 0.00707484738245
53.0604004004 0.00698230247686
53.2605905906 0.00689106918929
53.4607807808 0.00680112566577
53.660970971 0.00671245046368
53.8611611612 0.00662502254253
54.0613513514 0.00653882125502
54.2615415415 0.00645382633837
54.4617317317 0.00637001790578
54.6619219219 0.00628737643818
54.8621121121 0.00620588277615
55.0623023023 0.00612551811211
55.2624924925 0.00604626398258
55.4626826827 0.0059681022608
55.6628728729 0.00589101514937
55.8630630631 0.00581498517323
56.0632532533 0.0057399951727
56.2634434434 0.00566602829675
56.4636336336 0.00559306799642
56.6638238238 0.00552109801846
56.864014014 0.00545010239902
57.0642042042 0.00538006545761
57.2643943944 0.00531097179118
57.4645845846 0.0052428062683
57.6647747748 0.00517555402357
57.864964965 0.00510920045212
58.0651551552 0.00504373120426
58.2653453453 0.00497913218032
58.4655355355 0.00491538952552
58.6657257257 0.00485248962511
58.8659159159 0.00479041909953
59.0661061061 0.00472916479975
59.2662962963 0.00466871380278
59.4664864865 0.00460905340721
59.6666766767 0.00455017112895
59.8668668669 0.00449205469709
60.0670570571 0.00443469204984
60.2672472472 0.00437807133064
60.4674374374 0.00432218088437
60.6676276276 0.00426700925366
60.8678178178 0.00421254517537
61.068008008 0.00415877757711
61.2681981982 0.00410569557397
61.4683883884 0.0040532884653
61.6685785786 0.00400154573161
61.8687687688 0.0039504570316
62.068958959 0.00390001219932
62.2691491491 0.00385020124141
62.4693393393 0.00380101433445
62.6695295295 0.00375244182247
62.8697197197 0.0037044742145
63.0699099099 0.0036571021823
63.2701001001 0.00361031655814
63.4702902903 0.00356410833274
63.6704804805 0.00351846865329
63.8706706707 0.00347338882157
64.0708608609 0.0034288602922
64.2710510511 0.00338487467102
64.4712412412 0.00334142371352
64.6714314314 0.0032984993234
64.8716216216 0.00325609355128
65.0718118118 0.00321419859347
65.272002002 0.00317280679084
65.4721921922 0.00313191062785
65.6723823824 0.00309150273167
65.8725725726 0.00305157587135
66.0727627628 0.00301212295718
66.272952953 0.00297313704013
66.4731431431 0.00293461131137
66.6733333333 0.00289653910195
66.8735235235 0.00285891388253
67.0737137137 0.00282172926329
67.2739039039 0.00278497899389
67.4740940941 0.00274865696356
67.6742842843 0.00271275720134
67.8744744745 0.00267727387634
68.0746646647 0.00264220129819
68.2748548549 0.0026075339176
68.475045045 0.00257326632694
68.6752352352 0.00253939326105
68.8754254254 0.00250590959808
69.0756156156 0.00247281036045
69.2758058058 0.00244009071593
69.475995996 0.00240774597881
69.6761861862 0.00237577161117
69.8763763764 0.00234416322431
70.0765665666 0.00231291658014
70.2767567568 0.00228202759282
70.4769469469 0.0022514923304
70.6771371371 0.00222130701655
70.8773273273 0.00219146803242
71.0775175175 0.00216197191851
71.2777077077 0.00213281537666
71.4778978979 0.00210399527213
71.6780880881 0.00207550863565
71.8782782783 0.00204735266557
72.0784684685 0.00201952473012
72.2786586587 0.00199202236955
72.4788488488 0.00196484329845
72.679039039 0.00193798540799
72.8792292292 0.00191144676819
73.0794194194 0.00188522563018
73.2796096096 0.00185932042842
73.4797997998 0.00183372978295
73.67998999 0.00180845250151
73.8801801802 0.00178348758163
74.0803703704 0.00175883421264
74.2805605606 0.0017344917776
74.4807507508 0.00171045985507
74.6809409409 0.0016867382208
74.8811311311 0.00166332684925
75.0813213213 0.00164022591491
75.2815115115 0.00161743579347
75.4817017017 0.00159495706277
75.6818918919 0.00157279050349
75.8820820821 0.00155093709964
76.0822722723 0.00152939803871
76.2824624625 0.00150817471155
76.4826526527 0.00148726871197
76.6828428428 0.00146668183589
76.883033033 0.00144641608022
77.0832232232 0.00142647364131
77.2834134134 0.00140685691298
77.4836036036 0.00138756848409
77.6837937938 0.00136861113569
77.883983984 0.00134998783767
78.0841741742 0.00133170174488
78.2843643644 0.00131375619272
78.4845545546 0.00129615469222
78.6847447447 0.0012789009245
78.8849349349 0.00126199873466
79.0851251251 0.00124545212507
79.2853153153 0.001229265248
79.4855055055 0.00121344239763
79.6856956957 0.00119798800144
79.8858858859 0.00118290661085
80.0860760761 0.00116820289124
80.2862662663 0.00115388161129
80.4864564565 0.00113994763158
80.6866466466 0.00112640589255
80.8868368368 0.00111326140172
81.087027027 0.00110051922024
81.2872172172 0.00108818444875
81.4874074074 0.00107626221253
81.6875975976 0.001064757646
81.8877877878 0.00105367587659
82.087977978 0.00104302200789
82.2881681682 0.00103280110227
82.4883583584 0.00102301816283
82.6885485485 0.00101367811481
82.8887387387 0.00100478578649
83.0889289289 0.000996345889514
83.2891191191 0.000988362998797
83.4893093093 0.000980841532017
83.6894994995 0.000973785728687
83.8896896897 0.000967199628922
84.0898798799 0.000961087051918
84.2900700701 0.000955451574208
84.4902602603 0.000950296507755
84.6904504505 0.000945624877939
84.8906406406 0.000941439401506
85.0908308308 0.000937742464553
85.291021021 0.000934536100601
85.4912112112 0.00093182196885
85.6914014014 0.000929601332679
85.8915915916 0.000927875038471
86.0917817818 0.000926643494835
86.291971972 0.000925906652323
86.4921621622 0.000925663983694
86.6923523524 0.00092591446484
86.8925425425 0.000926656556425
87.0927327327 0.000927888186339
87.2929229229 0.000929606733039
87.4931131131 0.000931809009865
87.6933033033 0.000934491250398
87.8934934935 0.000937649094952
88.0936836837 0.000941277578269
88.2938738739 0.000945371118484
88.4940640641 0.000949923507445
88.6942542543 0.000954927902445
88.8944444444 0.000960376819432
89.0946346346 0.000966262127762
89.2948248248 0.000972575046538
89.495015015 0.000979306142603
89.6952052052 0.000986445330218
89.8953953954 0.00099398187248
90.0955855856 0.0010019043845
90.2957757758 0.00101020083836
90.495965966 0.00101885856995
90.6961561562 0.00102786428755
90.8963463463 0.00103720408233
91.0965365365 0.00104686344066
91.2967267267 0.00105682725826
91.4969169169 0.00106707985624
91.6971071071 0.00107760499886
91.8972972973 0.00108838591315
92.0974874875 0.00109940531025
92.2976776777 0.00111064540851
92.4978678679 0.00112208795817
92.6980580581 0.00113371426777
92.8982482482 0.00114550523203
93.0984384384 0.00115744136123
93.2986286286 0.00116950281204
93.4988188188 0.00118166941966
93.699009009 0.00119392073118
93.8991991992 0.00120623604016
94.0993893894 0.00121859442222
94.2995795796 0.00123097477159
94.4997697698 0.00124335583854
94.69995996 0.00125571626754
94.9001501502 0.00126803463605
95.1003403403 0.00128028949381
95.3005305305 0.00129245940254
95.5007207207 0.00130452297593
95.7009109109 0.00131645891973
95.9011011011 0.00132824607193
96.1012912913 0.00133986344278
96.3014814815 0.00135129025467
96.5016716717 0.00136250598155
96.7018618619 0.00137349038801
96.9020520521 0.00138422356768
97.1022422422 0.00139468598096
97.3024324324 0.00140485849196
97.5026226226 0.00141472240441
97.7028128128 0.00142425949665
97.903003003 0.00143345205535
98.1031931932 0.0014422829081
98.3033833834 0.00145073545454
98.5035735736 0.00145879369614
98.7037637638 0.00146644226442
98.903953954 0.0014736664476
99.1041441441 0.0014804522155
99.3043343343 0.00148678624285
99.5045245245 0.00149265593064
99.7047147147 0.00149804942574
99.9049049049 0.00150295563857
100.105095095 0.00150736425887
100.305285285 0.00151126576947
100.505475475 0.00151465145809
100.705665666 0.0015175134272
100.905855856 0.00151984460173
101.106046046 0.00152163873495
101.306236236 0.00152289041216
101.506426426 0.00152359505254
101.706616617 0.00152374890893
101.906806807 0.00152334906571
102.106996997 0.00152239343477
102.307187187 0.00152088074954
102.507377377 0.00151881055729
102.707567568 0.00151618320957
102.907757758 0.00151299985097
103.107947948 0.0015092624062
103.308138138 0.00150497356559
103.508328328 0.00150013676902
103.708518519 0.00149475618845
103.908708709 0.00148883670905
104.108898899 0.00148238390905
104.309089089 0.00147540403832
104.509279279 0.00146790399593
104.709469469 0.00145989130653
104.90965966 0.00145137409595
105.10984985 0.00144236106576
105.31004004 0.0014328614672
105.51023023 0.00142288507434
105.71042042 0.00141244215674
105.910610611 0.0014015434515
106.110800801 0.00139020013503
106.310990991 0.00137842379436
106.511181181 0.00136622639838
106.711371371 0.00135362026878
106.911561562 0.00134061805104
107.111751752 0.00132723268538
107.311941942 0.00131347737783
107.512132132 0.00129936557146
107.712322322 0.00128491091791
107.912512513 0.00127012724915
108.112702703 0.00125502854969
108.312892893 0.00123962892924
108.513083083 0.00122394259583
108.713273273 0.00120798382956
108.913463463 0.00119176695688
109.113653654 0.00117530632563
109.313843844 0.00115861628075
109.514034034 0.0011417111407
109.714224224 0.00112460517473
109.914414414 0.00110731258094
110.114604605 0.00108984746518
110.314794795 0.00107222382089
110.514984985 0.00105445550973
110.715175175 0.0010365562432
110.915365365 0.00101853956518
111.115555556 0.00100041883541
111.315745746 0.000982207213881
111.515935936 0.000963917646212
111.716126126 0.000945562849987
111.916316316 0.000927155302011
112.116506507 0.000908707226536
112.316696697 0.000890230584416
112.516886887 0.000871737063185
112.717077077 0.000853238068066
112.917267267 0.000834744713862
113.117457457 0.000816267817748
113.317647648 0.000797817892913
113.517837838 0.000779405143059
113.718028028 0.000761039457715
113.918218218 0.000742730408349
114.118408408 0.000724487245262
114.318598599 0.000706318895217
114.518788789 0.000688233959803
114.718978979 0.00067024071448
114.919169169 0.000652347108292
115.119359359 0.000634560764219
115.31954955 0.000616888980129
115.51973974 0.000599338730305
115.71992993 0.000581916667523
115.92012012 0.00056462912564
116.12031031 0.000547482122665
116.320500501 0.000530481364295
116.520690691 0.000513632247861
116.720880881 0.000496939866681
116.921071071 0.000480409014776
117.121261261 0.000464044191919
117.321451451 0.000447849609003
117.521641642 0.000431829193681
117.721831832 0.000415986596266
117.922022022 0.000400325195862
118.122212212 0.000384848106693
118.322402402 0.000369558184616
118.522592593 0.000354458033787
118.722782783 0.000339550013459
118.922972973 0.000324836244894
119.123163163 0.000310318618358
119.323353353 0.000295998800193
119.523543544 0.000281878239934
119.723733734 0.000267958177457
119.923923924 0.000254239650147
120.124114114 0.000240723500059
120.324304304 0.000227410381064
120.524494494 0.00021430076596
120.724684685 0.000201394953546
120.924874875 0.000188693075626
121.125065065 0.000176195103953
121.325255255 0.000163900857088
121.525445445 0.000151810007168
121.725635636 0.000139922086573
121.925825826 0.000128236494491
122.126016016 0.000116752503355
122.326206206 0.000105469265171
122.526396396 9.43858177035e-05
122.726586587 8.3501090536e-05
122.926776777 7.28139109876e-05
123.126966967 6.23230098871e-05
123.327157157 5.20270271999e-05
123.527347347 4.19245175047e-05
123.727537538 3.20139553186e-05
123.927727728 2.22937402669e-05
124.127917918 1.27622020984e-05
124.328108108 3.41760554346e-06
124.528298298 -5.74184498417e-06
124.728488488 -1.47180008429e-05
124.928678679 -2.35127647749e-05
125.128868869 -3.21280866739e-05
125.329059059 -4.05659595072e-05
125.529249249 -4.88284153917e-05
125.729439439 -5.69175218211e-05
125.92962963 -6.48353780428e-05
126.12981982 -7.25841115834e-05
126.33001001 -8.01658749183e-05
126.5302002 -8.75828422851e-05
126.73039039 -9.48372066368e-05
126.930580581 -0.000101931176732
127.130770771 -0.000108866974359
127.330960961 -0.000115646831693
127.531151151 -0.000122272988778
127.731341341 -0.000128747691139
127.931531532 -0.000135073187507
128.131721722 -0.00014125172767
128.331911912 -0.000147285560435
128.532102102 -0.000153176931702
128.732292292 -0.000158928082645
128.932482482 -0.000164541247997
129.132672673 -0.000170018654435
129.332862863 -0.000175362519067
129.533053053 -0.000180575048006
129.733243243 -0.00018565843504
129.933433433 -0.000190614860384
130.133623624 -0.00019544648952
130.333813814 -0.000200155472117
130.534004004 -0.000204743941025
130.734194194 -0.000209214011346
130.934384384 -0.000213567779576
131.134574575 -0.000217807322813
131.334764765 -0.000221934698029
131.534954955 -0.000225951941411
131.735145145 -0.00022986106775
131.935335335 -0.000233664069898
132.135525526 -0.000237362918268
132.335715716 -0.000240959560394
132.535905906 -0.000244455920535
132.736096096 -0.000247853899323
132.936286286 -0.000251155373464
133.136476476 -0.000254362195465
133.336666667 -0.000257476193418
133.536856857 -0.000260499170806
133.737047047 -0.000263432906352
133.937237237 -0.000266279153902
134.137427427 -0.000269039642328
134.337617618 -0.000271716075479
134.537807808 -0.00027431013214
134.737997998 -0.000276823466029
134.938188188 -0.000279257705813
135.138378378 -0.00028161445515
135.338568569 -0.000283895292749
135.538758759 -0.000286101772448
135.738948949 -0.000288235423318
135.939139139 -0.000290297749773
136.139329329 -0.000292290231706
136.33951952 -0.000294214324636
136.53970971 -0.000296071459861
136.7398999 -0.000297863044638
136.94009009 -0.000299590462362
137.14028028 -0.000301255072762
137.34047047 -0.000302858212105
137.540660661 -0.000304401193405
137.740850851 -0.000305885306652
137.941041041 -0.000307311819032
138.141231231 -0.000308681975163
138.341421421 -0.000309996997342
138.541611612 -0.000311258085784
138.741801802 -0.000312466418876
138.941991992 -0.000313623153432
139.142182182 -0.000314729424951
139.342372372 -0.000315786347884
139.542562563 -0.000316795015891
139.742752753 -0.000317756502116
139.942942943 -0.000318671859455
140.143133133 -0.000319542120825
140.343323323 -0.000320368299441
140.543513514 -0.000321151389086
140.743703704 -0.000321892364391
140.943893894 -0.000322592181106
141.144084084 -0.000323251776378
141.344274274 -0.000323872069027
141.544464464 -0.00032445395982
141.744654655 -0.000324998331751
141.944844845 -0.000325506050309
142.145035035 -0.000325977963758
142.345225225 -0.000326414903405
142.545415415 -0.000326817683879
142.745605606 -0.000327187103392
142.945795796 -0.000327523944019
143.145985986 -0.000327828971957
143.346176176 -0.000328102937794
143.546366366 -0.000328346576778
143.746556557 -0.00032856060907
143.946746747 -0.000328745740012
144.146936937 -0.000328902660381
144.347127127 -0.000329032046649
144.547317317 -0.000329134561229
144.747507508 -0.000329210852734
144.947697698 -0.00032926155622
145.147887888 -0.000329287293436
145.348078078 -0.000329288673063
145.548268268 -0.000329266290956
145.748458458 -0.000329220730385
145.948648649 -0.000329152562263
146.148838839 -0.000329062345383
146.349029029 -0.000328950626647
146.549219219 -0.000328817941288
146.749409409 -0.000328664813095
146.9495996 -0.000328491754635
147.14978979 -0.000328299267465
147.34997998 -0.000328087842349
147.55017017 -0.000327857959469
147.75036036 -0.000327610088629
147.950550551 -0.000327344689463
148.150740741 -0.000327062211633
148.350930931 -0.00032676309503
148.551121121 -0.000326447769967
148.751311311 -0.000326116657373
148.951501502 -0.000325770168978
149.151691692 -0.000325408707504
149.351881882 -0.000325032666844
149.552072072 -0.000324642432244
149.752262262 -0.000324238380479
149.952452452 -0.000323820880028
150.152642643 -0.000323390291243
150.352832833 -0.00032294696652
150.553023023 -0.000322491250463
150.753213213 -0.000322023480049
150.953403403 -0.000321543984784
151.153593594 -0.000321053086863
151.353783784 -0.000320551101324
151.553973974 -0.000320038336201
151.754164164 -0.000319515092672
151.954354354 -0.000318981665206
152.154544545 -0.000318438341708
152.354734735 -0.000317885403659
152.554924925 -0.000317323126258
152.755115115 -0.000316751778556
152.955305305 -0.000316171623592
153.155495495 -0.000315582918525
153.355685686 -0.000314985914761
153.555875876 -0.000314380858085
153.756066066 -0.000313767988781
153.956256256 -0.000313147541756
154.156446446 -0.000312519746662
154.356636637 -0.000311884828012
154.556826827 -0.000311243005296
154.757017017 -0.000310594493094
154.957207207 -0.00030993950119
155.157397397 -0.000309278234677
155.357587588 -0.000308610894064
155.557777778 -0.000307937675387
155.757967968 -0.000307258770302
155.958158158 -0.000306574366193
156.158348348 -0.000305884646267
156.358538539 -0.00030518978965
156.558728729 -0.000304489971482
156.758918919 -0.000303785363011
156.959109109 -0.000303076131681
157.159299299 -0.000302362441218
157.359489489 -0.000301644451722
157.55967968 -0.000300922319748
157.75986987 -0.000300196198389
157.96006006 -0.000299466237358
158.16025025 -0.000298732583063
158.36044044 -0.000297995378691
158.560630631 -0.000297254764278
158.760820821 -0.000296510876784
158.961011011 -0.000295763850167
159.161201201 -0.000295013815452
159.361391391 -0.000294260900802
159.561581582 -0.000293505231581
159.761771772 -0.000292746930427
159.961961962 -0.00029198611731
160.162152152 -0.000291222909599
160.362342342 -0.000290457422123
160.562532533 -0.00028968976723
160.762722723 -0.000288920054849
160.962912913 -0.000288148392545
161.163103103 -0.000287374885577
161.363293293 -0.000286599636954
161.563483483 -0.000285822747487
161.763673674 -0.000285044315846
161.963863864 -0.000284264438607
162.164054054 -0.000283483210306
162.364244244 -0.000282700723488
162.564434434 -0.000281917068755
162.764624625 -0.000281132334814
162.964814815 -0.000280346608523
163.165005005 -0.000279559974938
163.365195195 -0.000278772517355
163.565385385 -0.000277984317353
163.765575576 -0.000277195454841
163.965765766 -0.000276406008092
164.165955956 -0.000275616053791
164.366146146 -0.000274825667066
164.566336336 -0.000274034921535
164.766526527 -0.000273243889334
164.966716717 -0.000272452641163
165.166906907 -0.000271661246311
165.367097097 -0.000270869772698
165.567287287 -0.000270078286903
165.767477477 -0.0002692868542
165.967667668 -0.000268495538585
166.167857858 -0.00026770440281
166.368048048 -0.000266913508407
166.568238238 -0.00026612291572
166.768428428 -0.00026533268393
166.968618619 -0.000264542871081
167.168808809 -0.000263753534104
167.368998999 -0.000262964728841
167.569189189 -0.000262176510067
167.769379379 -0.000261388931511
167.96956957 -0.00026060204588
168.16975976 -0.000259815904872
168.36994995 -0.000259030559198
168.57014014 -0.000258246058601
168.77033033 -0.000257462451866
168.970520521 -0.00025667978684
169.170710711 -0.000255898110447
169.370900901 -0.000255117468694
169.571091091 -0.000254337906691
169.771281281 -0.000253559468656
169.971471471 -0.000252782197929
170.171661662 -0.000252006136977
170.371851852 -0.000251231327407
170.572042042 -0.000250457809968
170.772232232 -0.000249685624558
170.972422422 -0.000248914810234
171.172612613 -0.000248145405208
171.372802803 -0.00024737744686
171.572992993 -0.000246610971731
171.773183183 -0.000245846015532
171.973373373 -0.000245082613141
172.173563564 -0.000244320798606
172.373753754 -0.00024356060514
172.573943944 -0.000242802065124
172.774134134 -0.000242045210106
172.974324324 -0.000241290070793
173.174514515 -0.000240536677052
173.374704705 -0.000239785057907
173.574894895 -0.000239035241531
173.775085085 -0.000238287255246
173.975275275 -0.000237541125514
174.175465465 -0.000236796877936
174.375655656 -0.000236054537242
174.575845846 -0.000235314127288
174.776036036 -0.000234575671048
174.976226226 -0.000233839190612
175.176416416 -0.000233104707174
175.376606607 -0.000232372241032
175.576796797 -0.000231641811578
175.776986987 -0.000230913437292
175.977177177 -0.000230187135742
176.177367367 -0.00022946292357
176.377557558 -0.000228740816497
176.577747748 -0.00022802082931
176.777937938 -0.000227302975866
176.978128128 -0.000226587269084
177.178318318 -0.000225873720944
177.378508509 -0.000225162342488
177.578698699 -0.000224453143817
177.778888889 -0.000223746134093
177.979079079 -0.000223041321541
178.179269269 -0.00022233871345
178.379459459 -0.000221638316182
178.57964965 -0.000220940135173
178.77983984 -0.000220244174941
178.98003003 -0.000219550439098
179.18022022 -0.000218858930356
179.38041041 -0.00021816965054
179.580600601 -0.000217482600606
179.780790791 -0.000216797780648
179.980980981 -0.000216115189924
180.181171171 -0.000215434826868
180.381361361 -0.000214756689117
180.581551552 -0.000214080773528
180.781741742 -0.000213407076207
180.981931932 -0.000212735592535
181.182122122 -0.000212066317195
181.382312312 -0.000211399244203
181.582502503 -0.000210734366944
181.782692693 -0.000210071678201
181.982882883 -0.000209411170194
182.183073073 -0.000208752834621
182.383263263 -0.00020809666269
182.583453453 -0.00020744264517
182.783643644 -0.000206790772426
182.983833834 -0.000206141034467
183.184024024 -0.000205493420994
183.384214214 -0.000204847921443
183.584404404 -0.000204204525035
183.784594595 -0.000203563220826
183.984784785 -0.000202923997758
184.184974975 -0.000202286844708
184.385165165 -0.000201651750539
184.585355355 -0.000201018704157
184.785545546 -0.000200387694555
184.985735736 -0.000199758710875
185.185925926 -0.00019913174245
185.386116116 -0.000198506778864
185.586306306 -0.000197883810001
185.786496496 -0.000197262826093
185.986686687 -0.000196643817772
186.186876877 -0.000196026776121
186.387067067 -0.000195411692716
186.587257257 -0.000194798559678
186.787447447 -0.000194187369711
186.987637638 -0.000193578116151
187.187827828 -0.000192970793003
187.388018018 -0.000192365394977
187.588208208 -0.00019176191753
187.788398398 -0.000191160356894
187.988588589 -0.000190560710108
188.188778779 -0.000189962975045
188.388968969 -0.000189367150442
188.589159159 -0.000188773235911
188.789349349 -0.000188181231969
188.98953954 -0.000187591140044
189.18972973 -0.00018700296249
189.38991992 -0.000186416702595
189.59011011 -0.000185832364585
189.7903003 -0.000185249953623
189.99049049 -0.000184669475807
190.190680681 -0.000184090938163
190.390870871 -0.000183514348634
190.591061061 -0.000182939716065
190.791251251 -0.000182367050185
190.991441441 -0.000181796361584
191.191631632 -0.000181227661689
191.391821822 -0.000180660962735
191.592012012 -0.000180096277726
191.792202202 -0.000179533620409
191.992392392 -0.000178973005225
192.192582583 -0.000178414447271
192.392772773 -0.000177857962251
192.592962963 -0.000177303566431
192.793153153 -0.000176751276584
192.993343343 -0.000176201109936
193.193533534 -0.000175653084111
193.393723724 -0.000175107217071
193.593913914 -0.000174563527054
193.794104104 -0.000174022032513
193.994294294 -0.000173482752052
194.194484484 -0.000172945704359
194.394674675 -0.000172410908138
194.594864865 -0.000171878382045
194.795055055 -0.000171348144618
194.995245245 -0.000170820214207
195.195435435 -0.000170294608906
195.395625626 -0.000169771346486
195.595815816 -0.000169250444325
195.796006006 -0.000168731919341
195.996196196 -0.000168215787925
196.196386386 -0.000167702065873
196.396576577 -0.000167190768326
196.596766767 -0.000166681909704
196.796956957 -0.000166175503646
196.997147147 -0.000165671562949
197.197337337 -0.000165170099515
197.397527528 -0.000164671124293
197.597717718 -0.000164174647226
197.797907908 -0.000163680677208
197.998098098 -0.000163189222029
198.198288288 -0.000162700288339
198.398478478 -0.000162213881606
198.598668669 -0.000161730006075
198.798858859 -0.000161248664743
198.999049049 -0.000160769859322
199.199239239 -0.000160293590214
199.399429429 -0.000159819856493
199.59961962 -0.000159348655883
199.79980981 -0.000158879984742
200.0 -0.000158413838055
