0.01 5.45043960892
0.21019019019 5.38595776149
0.41038038038 5.21187267688
0.610570570571 4.94817271839
0.810760760761 4.6224331488
1.01095095095 4.26406251345
1.21114114114 3.89924447198
1.41133133133 3.54779284534
1.61152152152 3.2222165763
1.81171171171 2.92851681228
2.0119019019 2.66788826213
2.21209209209 2.43856238627
2.41228228228 2.23732070025
2.61247247247 2.06051530284
2.81266266266 1.90464089869
3.01285285285 1.76658814787
3.21304304304 1.64370957802
3.41323323323 1.53379425883
3.61342342342 1.43500861884
3.81361361361 1.34583204709
4.0138038038 1.2649989238
4.21399399399 1.1914502885
4.41418418418 1.124294848
4.61437437437 1.06277790835
4.81456456456 1.00625668038
5.01475475475 0.954180603743
5.21494494494 0.906075596202
5.41513513514 0.861531373477
5.61532532533 0.820191179316
5.81551551552 0.781743416918
6.01570570571 0.745914788795
6.2158958959 0.712464640563
6.41608608609 0.681180271425
6.61627627628 0.651873025443
6.81646646647 0.624375017143
7.01665665666 0.598536375254
7.21684684685 0.574222911966
7.41703703704 0.551314143341
7.61722722723 0.529701600929
7.81741741742 0.509287385931
8.01760760761 0.489982926296
8.2177977978 0.471707904295
8.41798798799 0.454389327941
8.61817817818 0.437960724265
8.81836836837 0.422361436238
9.01855855856 0.407536008198
9.21874874875 0.393433647123
9.41893893894 0.380007749138
9.61912912913 0.367215482277
9.81931931932 0.355017417931
10.0195095095 0.343377204539
10.2196996997 0.332261278016
10.4198898899 0.321638604228
10.6200800801 0.311480449479
10.8202702703 0.301760175534
11.0204604605 0.29245305617
11.2206506507 0.283536112671
11.4208408408 0.274987965981
11.621031031 0.266788703567
11.8212212212 0.258919759256
12.0214114114 0.251363804562
12.2216016016 0.244104650179
12.4217917918 0.237127156525
12.621981982 0.230417152334
12.8221721722 0.223961360443
13.0223623624 0.217747330035
13.2225525526 0.211763374682
13.4227427427 0.205998515628
13.6229329329 0.200442429811
13.8231231231 0.19508540219
14.0233133133 0.189918281992
14.2235035035 0.18493244253
14.4236936937 0.180119744287
14.6238838839 0.175472500991
14.8240740741 0.170983448429
15.0242642643 0.166645715774
15.2244544545 0.162452799219
15.4246446446 0.158398537737
15.6248348348 0.154477090785
15.825025025 0.150682917797
16.0252152152 0.147010759321
16.2254054054 0.143455619654
16.4255955956 0.140012750856
16.6257857858 0.136677638019
16.825975976 0.133445985674
17.0261661662 0.130313705243
17.2263563564 0.12727690343
17.4265465465 0.124331871469
17.6267367367 0.121475075134
17.8269269269 0.118703145455
18.0271171171 0.116012870043
18.2273073073 0.113401184988
18.4274974975 0.110865167244
18.6276876877 0.10840202747
18.8278778779 0.106009103278
19.0280680681 0.103683852835
19.2282582583 0.101423848799
19.4284484484 0.0992267725615
19.6286386386 0.0970904087562
19.8288288288 0.0950126400323
20.029019019 0.0929914420649
20.2292092092 0.0910248787928
20.4293993994 0.0891110978711
20.6295895896 0.087248326331
20.8297797798 0.0854348664379
21.02996997 0.0836690917436
21.2301601602 0.0819494433273
21.4303503504 0.0802744262206
21.6305405405 0.078642606015
21.8307307307 0.0770526056469
22.0309209209 0.0755031023576
22.2311111111 0.0739928248261
22.4313013013 0.0725205504684
22.6314914915 0.0710851029026
22.8316816817 0.0696853495731
23.0318718719 0.0683201995294
23.2320620621 0.0669886013559
23.4322522523 0.0656895412447
23.6324424424 0.0644220412065
23.8326326326 0.0631851574135
24.0328228228 0.0619779786654
24.233013013 0.060799624973
24.4332032032 0.0596492462493
24.6333933934 0.0585260211023
24.8335835836 0.0574291557181
25.0337737738 0.0563578828286
25.233963964 0.0553114607528
25.4341541542 0.0542891725062
25.6343443443 0.0532903249676
25.8345345345 0.0523142480981
26.0347247247 0.0513602942038
26.2349149149 0.0504278372376
26.4351051051 0.049516272131
26.6352952953 0.0486250141544
26.8354854855 0.0477534982971
27.0356756757 0.0469011786656
27.2358658659 0.046067527895
27.4360560561 0.0452520365699
27.6362462462 0.0444542126529
27.8364364364 0.043673580919
28.0366266266 0.0429096823923
28.2368168168 0.0421620737866
28.437007007 0.0414303269468
28.6371971972 0.0407140282923
28.8373873874 0.0400127782629
29.0375775776 0.0393261907667
29.2377677678 0.0386538926321
29.437957958 0.0379955230648
29.6381481481 0.0373507331117
29.8383383383 0.0367191851337
30.0385285285 0.0361005522889
30.2387187187 0.0354945180292
30.4389089089 0.0349007756111
30.6390990991 0.0343190276238
30.8392892893 0.0337489855359
31.0394794795 0.0331903692623
31.2396696697 0.0326429067525
31.4398598599 0.0321063336021
31.6400500501 0.0315803926881
31.8402402402 0.0310648338272
32.0404304304 0.0305594134605
32.2406206206 0.0300638943616
32.4408108108 0.0295780453697
32.641001001 0.0291016411465
32.8411911912 0.0286344619566
33.0413813814 0.02817629347
33.2415715716 0.027726926586
33.4417617618 0.0272861572769
33.641951952 0.0268537864493
33.8421421421 0.0264296198235
34.0423323323 0.0260134678265
34.2425225225 0.0256051454986
34.4427127127 0.0252044724119
34.6429029029 0.0248112725977
34.8430930931 0.0244253744821
35.0432832833 0.0240466108275
35.2434734735 0.023674818678
35.4436636637 0.0233098393085
35.6438538539 0.0229515181737
35.844044044 0.0225997048578
36.0442342342 0.0222542530222
36.2444244244 0.0219150203512
36.4446146146 0.0215818684932
36.6448048048 0.0212546629993
36.844994995 0.020933273255
37.0451851852 0.0206175724082
37.2453753754 0.0203074372904
37.4455655656 0.0200027483326
37.6457557558 0.0197033894751
37.8459459459 0.0194092480711
38.0461361361 0.0191202147853
38.2463263263 0.0188361834867
38.4465165165 0.0185570511368
38.6467067067 0.0182827176743
38.8468968969 0.0180130858954
39.0470870871 0.0177480613322
39.2472772773 0.0174875521292
39.4474674675 0.0172314689193
39.6476576577 0.0169797246998
39.8478478478 0.0167322347097
40.048038038 0.0164889163095
40.2482282282 0.016249688864
40.4484184184 0.0160144736296
40.6486086086 0.0157831936465
40.8487987988 0.0155557736367
41.048988989 0.0153321399088
41.2491791792 0.0151122202702
41.4493693694 0.0148959439464
41.6495595596 0.0146832415087
41.8497497497 0.0144740448102
42.0499399399 0.0142682869297
42.2501301301 0.0140659021242
42.4503203203 0.0138668257896
42.6505105105 0.0136709944292
42.8507007007 0.0134783456292
43.0508908909 0.0132888180422
43.2510810811 0.0131023513764
43.4512712713 0.0129188863907
43.6514614615 0.0127383648953
43.8516516517 0.012560729756
44.0518418418 0.0123859249023
44.252032032 0.012213895338
44.4522222222 0.0120445871537
44.6524124124 0.0118779475402
44.8526026026 0.0117139248016
45.0527927928 0.0115524683684
45.252982983 0.0113935288085
45.4531731732 0.0112370578369
45.6533633634 0.0110830083222
45.8535535536 0.0109313342904
46.0537437437 0.0107819909245
46.2539339339 0.0106349345613
46.4541241241 0.0104901226834
46.6543143143 0.0103475139071
46.8545045045 0.0102070679662
47.0546946947 0.0100687456917
47.2548848849 0.00993250898773
47.4550750751 0.00979832080272
47.6552652653 0.00966614509812
47.8554554555 0.00953594681328
48.0556456456 0.00940769182765
48.2558358358 0.00928134692049
48.456026026 0.00915687972871
48.6562162162 0.00903425870312
48.8564064064 0.00891345306375
49.0565965966 0.00879443275462
49.2567867868 0.00867716839859
49.456976977 0.00856163125268
49.6571671672 0.00844779316439
49.8573573574 0.0083356265295
50.0575475475 0.00822510425172
50.2577377377 0.00811619970462
50.4579279279 0.00800888669621
50.6581181181 0.00790313943629
50.8583083083 0.00779893250719
51.0584984985 0.00769624083764
51.2586886887 0.00759503968027
51.4588788789 0.00749530459268
51.6590690691 0.0073970114221
51.8592592593 0.00730013629365
52.0594494494 0.00720465560209
52.2596396396 0.00711054600703
52.4598298298 0.00701778443124
52.66002002 0.00692634806202
52.8602102102 0.00683621435529
53.0604004004 0.00674736104214
53.2605905906 0.00665976613749
53.4607807808 0.00657340795053
53.660970971 0.00648826509669
53.8611611612 0.00640431651055
54.0613513514 0.00632154145954
54.2615415415 0.00623991955789
54.4617317317 0.00615943078058
54.6619219219 0.00608005547677
54.8621121121 0.00600177438257
55.0623023023 0.00592456863268
55.2624924925 0.00584841977062
55.4626826827 0.00577330975747
55.6628728729 0.00569922097856
55.8630630631 0.00562613624838
56.0632532533 0.00555403881309
56.2634434434 0.00548291235094
56.4636336336 0.00541274097023
56.6638238238 0.00534350920499
56.864014014 0.00527520200828
57.0642042042 0.0052078047432
57.2643943944 0.00514130317173
57.4645845846 0.0050756834414
57.6647747748 0.00501093207017
57.864964965 0.00494703592941
58.0651551552 0.00488398222547
58.2653453453 0.00482175847986
58.4655355355 0.00476035250841
58.6657257257 0.0046997523996
58.8659159159 0.00463994649237
59.0661061061 0.00458092335373
59.2662962963 0.00452267175636
59.4664864865 0.0044651806566
59.6666766767 0.00440843917296
59.8668668669 0.00435243656565
60.0670570571 0.00429716221711
60.2672472472 0.00424260561403
60.4674374374 0.00418875633091
60.6676276276 0.00413560401538
60.8678178178 0.00408313837554
61.068008008 0.00403134916928
61.2681981982 0.00398022619581
61.4683883884 0.00392975928944
61.6685785786 0.00387993831558
61.8687687688 0.00383075316901
62.068958959 0.00378219377431
62.2691491491 0.00373425008852
62.4693393393 0.0036869121057
62.6695295295 0.00364016986346
62.8697197197 0.00359401345115
63.0699099099 0.00354843301959
63.2701001001 0.00350341879203
63.4702902903 0.0034589610763
63.6704804805 0.00341505027764
63.8706706707 0.00337167691212
64.0708608609 0.00332883162036
64.2710510511 0.00328650518126
64.4712412412 0.00324468852545
64.6714314314 0.0032033727482
64.8716216216 0.00316254912163
65.0718118118 0.00312220910587
65.272002002 0.00308234435902
65.4721921922 0.00304294674574
65.6723823824 0.00300400834422
65.8725725726 0.00296552145154
66.0727627628 0.00292747858718
66.272952953 0.00288987249475
66.4731431431 0.00285269614174
66.6733333333 0.0028159427175
66.8735235235 0.00277960562932
67.0737137137 0.00274367849669
67.2739039039 0.00270815514397
67.4740940941 0.00267302959146
67.6742842843 0.00263829604501
67.8744744745 0.00260394888451
68.0746646647 0.00256998265124
68.2748548549 0.00253639203449
68.475045045 0.00250317185748
68.6752352352 0.00247031706306
68.8754254254 0.00243782269916
69.0756156156 0.00240568390445
69.2758058058 0.00237389589432
69.475995996 0.00234245394755
69.6761861862 0.00231135339368
69.8763763764 0.00228058960154
70.0765665666 0.00225015796893
70.2767567568 0.00222005391383
70.4769469469 0.00219027286703
70.6771371371 0.00216081026656
70.8773273273 0.0021316615539
71.0775175175 0.00210282217201
71.2777077077 0.00207428756536
71.4778978979 0.00204605318179
71.6780880881 0.00201811447637
71.8782782783 0.00199046691702
72.0784684685 0.00196310599209
72.2786586587 0.00193602721944
72.4788488488 0.00190922615729
72.679039039 0.00188269841629
72.8792292292 0.00185643967308
73.0794194194 0.0018304456847
73.2796096096 0.00180471230403
73.4797997998 0.00177923549581
73.67998999 0.00175401135313
73.8801801802 0.00172903611411
74.0803703704 0.00170430617863
74.2805605606 0.00167981812476
74.4807507508 0.00165556872482
74.6809409409 0.00163155496079
74.8811311311 0.00160777403892
75.0813213213 0.00158422340333
75.2815115115 0.00156090074858
75.4817017017 0.00153780403095
75.6818918919 0.00151493147849
75.8820820821 0.00149228159963
76.0822722723 0.00146985319052
76.2824624625 0.00144764534088
76.4826526527 0.00142565743865
76.6828428428 0.00140388917333
76.883033033 0.00138234053814
77.0832232232 0.00136101183119
77.2834134134 0.00133990365585
77.4836036036 0.00131901692029
77.6837937938 0.00129835283668
77.883983984 0.00127791292001
78.0841741742 0.00125769898693
78.2843643644 0.00123771315471
78.4845545546 0.00121795784065
78.6847447447 0.00119843576218
78.8849349349 0.00117914993772
79.0851251251 0.00116010368877
79.2853153153 0.00114130064319
79.4855055055 0.00112274473992
79.6856956957 0.00110444023541
79.8858858859 0.00108639171166
80.0860760761 0.00106860408606
80.2862662663 0.00105108262313
80.4864564565 0.00103383294804
80.6866466466 0.00101686106186
80.8868368368 0.00100017335854
81.087027027 0.000983776643429
81.2872172172 0.000967678153079
81.4874074074 0.000951885576148
81.6875975976 0.00093640707512
81.8877877878 0.000921251308455
82.087977978 0.000906427452822
82.2881681682 0.000891945224986
82.4883583584 0.000877814902874
82.6885485485 0.000864047345348
82.8887387387 0.000850654010167
83.0889289289 0.000837646969588
83.2891191191 0.000825038923062
83.4893093093 0.000812843206476
83.6894994995 0.000801073797359
83.8896896897 0.000789745315525
84.0898798799 0.000778873018601
84.2900700701 0.000768472791936
84.4902602603 0.0007585611324
84.6904504505 0.000749155125637
84.8906406406 0.000740272416379
85.0908308308 0.000731931171465
85.291021021 0.000724150035288
85.4912112112 0.000716948077462
85.6914014014 0.000710344732543
85.8915915916 0.000704359731749
86.0917817818 0.000699013026693
86.291971972 0.0006943247052
86.4921621622 0.000690314899421
86.6923523524 0.000687003686485
86.8925425425 0.000684410982053
87.0927327327 0.000682556427225
87.2929229229 0.00068145926931
87.4931131131 0.000681138237089
87.6933033033 0.000681611411245
87.8934934935 0.000682896090733
88.0936836837 0.000685008655923
88.2938738739 0.000687964429418
88.4940640641 0.000691777535485
88.6942542543 0.000696460759127
88.8944444444 0.000702025405814
89.0946346346 0.000708481162959
89.2948248248 0.000715835964238
89.495015015 0.000724095857846
89.6952052052 0.000733264879813
89.8953953954 0.000743344933468
90.0955855856 0.000754335676137
90.2957757758 0.000766234414116
90.495965966 0.000779036006946
90.6961561562 0.000792732781928
90.8963463463 0.000807314459797
91.0965365365 0.00082276809238
91.2967267267 0.000839078012991
91.4969169169 0.000856225800242
91.6971071071 0.000874190255844
91.8972972973 0.000892947396878
92.0974874875 0.000912470462914
92.2976776777 0.000932729938259
92.4978678679 0.000953693589468
92.6980580581 0.000975326518184
92.8982482482 0.000997591229223
93.0984384384 0.00102044771372
93.2986286286 0.00104385354702
93.4988188188 0.00106776400094
93.699009009 0.00109213216978
93.8991991992 0.00111690910959
94.0993893894 0.00114204398977
94.2995795796 0.00116748425639
94.4997697698 0.00119317580612
94.69995996 0.00121906316982
94.9001501502 0.00124508970477
95.1003403403 0.00127119779435
95.3005305305 0.00129732905397
95.5007207207 0.00132342454196
95.7009109109 0.00134942497434
95.9011011011 0.00137527094183
96.1012912913 0.00140090312819
96.3014814815 0.00142626252819
96.5016716717 0.00145129066418
96.7018618619 0.00147592979982
96.9020520521 0.00150012314981
97.1022422422 0.00152381508427
97.3024324324 0.00154695132672
97.5026226226 0.00156947914446
97.7028128128 0.00159134753036
97.903003003 0.00161250737507
98.1031931932 0.00163291162862
98.3033833834 0.00165251545089
98.5035735736 0.00167127634987
98.7037637638 0.00168915430738
98.903953954 0.00170611189153
99.1041441441 0.00172211435564
99.3043343343 0.00173712972313
99.5045245245 0.00175112885827
99.7047147147 0.00176408552271
99.9049049049 0.00177597641758
100.105095095 0.00178678121149
100.305285285 0.00179648255439
100.505475475 0.00180506607764
100.705665666 0.00181252038073
100.905855856 0.0018188370049
101.106046046 0.00182401039436
101.306236236 0.00182803784554
101.506426426 0.00183091944517
101.706616617 0.00183265799772
101.906806807 0.00183325894314
102.106996997 0.00183273026551
102.307187187 0.00183108239361
102.507377377 0.00182832809409
102.707567568 0.00182448235829
102.907757758 0.00181956228342
103.107947948 0.00181358694914
103.308138138 0.0018065772903
103.508328328 0.0017985559668
103.708518519 0.00178954723139
103.908708709 0.00177957679623
104.108898899 0.001768671699
104.309089089 0.0017568601694
104.509279279 0.00174417149668
104.709469469 0.00173063589892
104.90965966 0.00171628439465
105.10984985 0.00170114867755
105.31004004 0.00168526099452
105.51023023 0.00166865402778
105.71042042 0.00165136078142
105.910610611 0.0016334144726
106.110800801 0.001614848428
106.310990991 0.00159569598541
106.511181181 0.00157599040103
106.711371371 0.00155576476236
106.911561562 0.00153505190691
107.111751752 0.00151388434677
107.311941942 0.001492294199
107.512132132 0.0014703131218
107.712322322 0.00144797225649
107.912512513 0.00142530217503
108.112702703 0.00140233283305
108.312892893 0.00137909352817
108.513083083 0.00135561286344
108.713273273 0.00133191871561
108.913463463 0.0013080382081
109.113653654 0.00128399768836
109.313843844 0.00125982270929
109.514034034 0.00123553801464
109.714224224 0.00121116752792
109.914414414 0.00118673434466
110.114604605 0.00116226072775
110.314794795 0.00113776810552
110.514984985 0.00111327707241
110.715175175 0.0010888073919
110.915365365 0.00106437800152
111.115555556 0.00104000701961
111.315745746 0.00101571175383
111.515935936 0.000991508710985
111.716126126 0.000967413608117
111.916316316 0.000943441384718
112.116506507 0.000919606215821
112.316696697 0.000895921525914
112.516886887 0.000872400003517
112.717077077 0.000849053616338
112.917267267 0.000825893626902
113.117457457 0.000802930608584
113.317647648 0.000780174461979
113.517837838 0.000757634431548
113.718028028 0.000735319122501
113.918218218 0.00071323651787
114.118408408 0.000691393995746
114.318598599 0.000669798346669
114.518788789 0.000648455791119
114.718978979 0.000627371997123
114.919169169 0.000606552097948
115.119359359 0.000586000709877
115.31954955 0.000565721950045
115.51973974 0.000545719454334
115.71992993 0.000525996395313
115.92012012 0.000506555500204
116.12031031 0.000487399068866
116.320500501 0.000468528991772
116.520690691 0.000449946767965
116.720880881 0.000431653522964
116.921071071 0.000413650026602
117.121261261 0.000395936710761
117.321451451 0.00037851368697
117.521641642 0.000361380763851
117.721831832 0.000344537464355
117.922022022 0.000327983042765
118.122212212 0.000311716501431
118.322402402 0.00029573660718
118.522592593 0.000280041907392
118.722782783 0.000264630745678
118.922972973 0.000249501277132
119.123163163 0.00023465148313
119.323353353 0.000220079185626
119.523543544 0.000205782060927
119.723733734 0.000191757652912
119.923923924 0.000178003385664
120.124114114 0.000164516575512
120.324304304 0.000151294442439
120.524494494 0.000138334120864
120.724684685 0.000125632669776
120.924874875 0.000113187082219
121.125065065 0.000100994294127
121.325255255 8.90511925171e-05
121.525445445 7.73546230391e-05
121.725635636 6.59013969071e-05
121.925825826 5.46882972233e-05
122.126016016 4.37120847146e-05
122.326206206 3.29695029107e-05
122.526396396 2.24572827917e-05
122.726586587 1.21721469323e-05
122.926776777 2.11081318002e-06
123.126966967 -7.73000209663e-06
123.327157157 -1.73535811563e-05
123.527347347 -2.67632023894e-05
123.727537538 -3.59621381376e-05
123.927727728 -4.49536527949e-05
124.127917918 -5.3741001149e-05
124.328108108 -6.23274269249e-05
124.528298298 -7.07161614962e-05
124.728488488 -7.89104227308e-05
124.928678679 -8.69134139351e-05
125.128868869 -9.47283228708e-05
125.329059059 -0.000102358320815
125.529249249 -0.000109806561641
125.729439439 -0.000117076180896
125.92962963 -0.00012417029486
126.12981982 -0.000131091999576
126.33001001 -0.000137844369829
126.5302002 -0.000144430458082
126.73039039 -0.000150853293343
126.930580581 -0.000157115879994
127.130770771 -0.000163221196546
127.330960961 -0.000169172194356
127.531151151 -0.000174971796294
127.731341341 -0.000180622895382
127.931531532 -0.000186128353405
128.131721722 -0.000191490999513
128.331911912 -0.000196713628831
128.532102102 -0.000201799001085
128.732292292 -0.000206749839262
128.932482482 -0.000211568828326
129.132672673 -0.000216258613997
129.332862863 -0.000220821801609
129.533053053 -0.000225260955067
129.733243243 -0.000229578595919
129.933433433 -0.000233777202539
130.133623624 -0.000237859209448
130.333813814 -0.00024182700678
130.534004004 -0.000245682939893
130.734194194 -0.00024942930913
130.934384384 -0.000253068369749
131.134574575 -0.000256602331997
131.334764765 -0.000260033361353
131.534954955 -0.000263363578918
131.735145145 -0.000266595061953
131.935335335 -0.000269729844564
132.135525526 -0.000272769918509
132.335715716 -0.000275717234137
132.535905906 -0.000278573701424
132.736096096 -0.000281341191114
132.936286286 -0.000284021535929
133.136476476 -0.000286616531854
133.336666667 -0.00028912793946
133.536856857 -0.000291557485264
133.737047047 -0.000293906863105
133.937237237 -0.000296177735507
134.137427427 -0.00029837173504
134.337617618 -0.000300490465634
134.537807808 -0.000302535503849
134.737997998 -0.00030450840009
134.938188188 -0.000306410679736
135.138378378 -0.000308243844193
135.338568569 -0.000310009371851
135.538758759 -0.000311708718942
135.738948949 -0.000313343320283
135.939139139 -0.000314914589916
136.139329329 -0.000316423921631
136.33951952 -0.000317872689376
136.53970971 -0.000319262247554
136.7398999 -0.000320593931216
136.94009009 -0.000321869056136
137.14028028 -0.000323088918808
137.34047047 -0.000324254796339
137.540660661 -0.000325367946264
137.740850851 -0.000326429606291
137.941041041 -0.00032744099399
138.141231231 -0.000328403306424
138.341421421 -0.000329317719754
138.541611612 -0.000330185388814
138.741801802 -0.000331007446674
138.941991992 -0.00033178500421
139.142182182 -0.000332519149683
139.342372372 -0.000333210948341
139.542562563 -0.000333861442067
139.742752753 -0.00033447164906
139.942942943 -0.000335042563587
140.143133133 -0.000335575155788
140.343323323 -0.000336070371558
140.543513514 -0.00033652913251
140.743703704 -0.00033695233601
140.943893894 -0.000337340855313
141.144084084 -0.000337695539769
141.344274274 -0.000338017215136
141.544464464 -0.000338306683961
141.744654655 -0.000338564726057
141.944844845 -0.000338792099057
142.145035035 -0.000338989539045
142.345225225 -0.000339157761247
142.545415415 -0.000339297460797
142.745605606 -0.000339409313542
142.945795796 -0.000339493976904
143.145985986 -0.000339552090765
143.346176176 -0.000339584278383
143.546366366 -0.000339591147321
143.746556557 -0.000339573290375
143.946746747 -0.000339531286501
144.146936937 -0.000339465701722
144.347127127 -0.000339377090008
144.547317317 -0.000339265994119
144.747507508 -0.000339132946403
144.947697698 -0.000338978469545
145.147887888 -0.000338803077251
145.348078078 -0.000338607274872
145.548268268 -0.000338391559954
145.748458458 -0.000338156422715
145.948648649 -0.000337902346448
146.148838839 -0.000337629807845
146.349029029 -0.000337339277244
146.549219219 -0.000337031218798
146.749409409 -0.000336706090576
146.9495996 -0.000336364344589
147.14978979 -0.000336006426747
147.34997998 -0.000335632776768
147.55017017 -0.000335243828017
147.75036036 -0.000334840007309
147.950550551 -0.000334421734669
148.150740741 -0.000333989423056
148.350930931 -0.000333543478068
148.551121121 -0.000333084297631
148.751311311 -0.000332612271672
148.951501502 -0.000332127781805
149.151691692 -0.000331631201017
149.351881882 -0.000331122893371
149.552072072 -0.000330603213737
149.752262262 -0.000330072507545
149.952452452 -0.000329531110579
150.152642643 -0.000328979348812
150.352832833 -0.000328417538285
150.553023023 -0.000327845985031
150.753213213 -0.000327264985056
150.953403403 -0.00032667482437
151.153593594 -0.000326075779074
151.353783784 -0.000325468115494
151.553973974 -0.000324852090379
151.754164164 -0.000324227951141
151.954354354 -0.000323595936143
152.154544545 -0.000322956275041
152.354734735 -0.000322309189155
152.554924925 -0.000321654891885
152.755115115 -0.000320993589156
152.955305305 -0.000320325479883
153.155495495 -0.000319650756466
153.355685686 -0.000318969605287
153.555875876 -0.000318282207224
153.756066066 -0.000317588738159
153.956256256 -0.000316889369487
154.156446446 -0.000316184268605
154.356636637 -0.000315473599395
154.556826827 -0.000314757522677
154.757017017 -0.000314036196633
154.957207207 -0.000313309777207
155.157397397 -0.000312578418462
155.357587588 -0.000311842272899
155.557777778 -0.000311101491736
155.757967968 -0.000310356225139
155.958158158 -0.000309606622412
156.158348348 -0.000308852832136
156.358538539 -0.000308095002268
156.558728729 -0.000307333280185
156.758918919 -0.000306567812693
156.959109109 -0.000305798745992
157.159299299 -0.000305026225596
157.359489489 -0.000304250396223
157.55967968 -0.00030347140165
157.75986987 -0.000302689384538
157.96006006 -0.000301904486236
158.16025025 -0.000301116846561
158.36044044 -0.000300326603564
158.560630631 -0.000299533893288
158.760820821 -0.000298738849519
158.961011011 -0.000297941603535
159.161201201 -0.000297142283859
159.361391391 -0.000296341016028
159.561581582 -0.00029553792236
159.761771772 -0.000294733121756
159.961961962 -0.000293926729507
160.162152152 -0.000293118857136
160.362342342 -0.000292309612261
160.562532533 -0.000291499098491
160.762722723 -0.000290687415349
160.962912913 -0.000289874658231
161.163103103 -0.0002890609184
161.363293293 -0.000288246283008
161.563483483 -0.000287430835155
161.763673674 -0.000286614653984
161.963863864 -0.000285797814799
162.164054054 -0.00028498038922
162.364244244 -0.000284162445366
162.564434434 -0.000283344048056
162.764624625 -0.000282525259037
162.964814815 -0.000281706137233
163.165005005 -0.000280886739007
163.365195195 -0.000280067118431
163.565385385 -0.00027924732757
163.765575576 -0.000278427416771
163.965765766 -0.000277607434944
164.165955956 -0.00027678742985
164.366146146 -0.000275967448376
164.566336336 -0.000275147536797
164.766526527 -0.000274327741033
164.966716717 -0.00027350810688
165.166906907 -0.000272688680225
165.367097097 -0.00027186950724
165.567287287 -0.00027105063455
165.767477477 -0.000270232109373
165.967667668 -0.000269413979638
166.167857858 -0.000268596294071
166.368048048 -0.000267779102253
166.568238238 -0.000266962454652
166.768428428 -0.000266146402623
166.968618619 -0.000265330998388
167.168808809 -0.00026451629498
167.368998999 -0.000263702346176
167.569189189 -0.000262889206394
167.769379379 -0.00026207693058
167.96956957 -0.000261265574074
168.16975976 -0.000260455192461
168.36994995 -0.000259645841412
168.57014014 -0.000258837576508
168.77033033 -0.000258030453074
168.970520521 -0.00025722452599
169.170710711 -0.000256419849519
169.370900901 -0.000255616477129
169.571091091 -0.000254814461321
169.771281281 -0.000254013853469
169.971471471 -0.000253214703669
170.171661662 -0.000252417060601
170.371851852 -0.000251620971408
170.572042042 -0.00025082648159
170.772232232 -0.000250033634921
170.972422422 -0.00024924247338
171.172612613 -0.000248453037109
171.372802803 -0.000247665364388
171.572992993 -0.000246879491636
171.773183183 -0.000246095453427
171.973373373 -0.000245313282537
172.173563564 -0.000244533010003
172.373753754 -0.000243754665204
172.573943944 -0.000242978275962
172.774134134 -0.000242203868658
172.974324324 -0.000241431468361
173.174514515 -0.000240661098976
173.374704705 -0.000239892783392
173.574894895 -0.000239126543644
173.775085085 -0.000238362401085
173.975275275 -0.000237600376548
174.175465465 -0.000236840490522
174.375655656 -0.000236082763311
174.575845846 -0.000235327215199
174.776036036 -0.000234573866599
174.976226226 -0.000233822738197
175.176416416 -0.000233073851076
175.376606607 -0.000232327226826
175.576796797 -0.000231582887644
175.776986987 -0.000230840856398
175.977177177 -0.000230101156688
176.177367367 -0.00022936381287
176.377557558 -0.000228628850064
176.577747748 -0.000227896294132
176.777937938 -0.00022716617164
176.978128128 -0.000226438509785
177.178318318 -0.000225713336303
177.378508509 -0.000224990679356
177.578698699 -0.000224270567388
177.778888889 -0.000223553028968
177.979079079 -0.000222838092609
178.179269269 -0.000222125786567
178.379459459 -0.000221416138628
178.57964965 -0.000220709175881
178.77983984 -0.000220004924477
178.98003003 -0.000219303409382
179.18022022 -0.000218604654125
179.38041041 -0.000217908680539
179.580600601 -0.00021721550851
179.780790791 -0.000216525155723
179.980980981 -0.000215837637412
180.181171171 -0.000215152966133
180.381361361 -0.000214471151531
180.581551552 -0.000213792200134
180.781741742 -0.00021311611516
180.981931932 -0.000212442896348
181.182122122 -0.000211772539803
181.382312312 -0.000211105037872
181.582502503 -0.000210440379045
181.782692693 -0.000209778547879
181.982882883 -0.000209119524956
182.183073073 -0.000208463286865
182.383263263 -0.000207809806217
182.583453453 -0.000207159051688
182.783643644 -0.000206510988097
182.983833834 -0.000205865576506
183.184024024 -0.000205222774354
183.384214214 -0.00020458253562
183.584404404 -0.00020394481101
183.784594595 -0.000203309548175
183.984784785 -0.000202676691944
184.184974975 -0.000202046184591
184.385165165 -0.000201417966112
184.585355355 -0.000200791974527
184.785545546 -0.000200168146197
184.985735736 -0.000199546416149
185.185925926 -0.000198926718423
185.386116116 -0.000198308986415
185.586306306 -0.000197693153236
185.786496496 -0.000197079152068
185.986686687 -0.00019646691653
186.186876877 -0.000195856381027
186.387067067 -0.000195247481117
186.587257257 -0.000194640153849
186.787447447 -0.000194034338111
186.987637638 -0.00019342997496
187.187827828 -0.000192827007938
187.388018018 -0.00019222538338
187.588208208 -0.000191625050703
187.788398398 -0.000191025962678
187.988588589 -0.000190428075683
188.188778779 -0.000189831349941
188.388968969 -0.000189235749734
188.589159159 -0.000188641243595
188.789349349 -0.00018804780448
188.98953954 -0.000187455409918
189.18972973 -0.000186864042136
189.38991992 -0.000186273688164
189.59011011 -0.000185684339917
189.7903003 -0.000185095994246
189.99049049 -0.000184508652981
190.190680681 -0.000183922322937
190.390870871 -0.000183337015906
190.591061061 -0.000182752748627
190.791251251 -0.00018216954273
190.991441441 -0.000181587424665
191.191631632 -0.000181006425607
191.391821822 -0.000180426581343
191.592012012 -0.000179847932144
191.792202202 -0.000179270522613
191.992392392 -0.00017869440152
192.192582583 -0.000178119621621
192.392772773 -0.000177546239463
192.592962963 -0.000176974315171
192.793153153 -0.000176403912224
192.993343343 -0.000175835097221
193.193533534 -0.00017526793963
193.393723724 -0.000174702511532
193.593913914 -0.000174138887349
193.794104104 -0.000173577143573
193.994294294 -0.000173017358474
194.194484484 -0.000172459611813
194.394674675 -0.000171903984541
194.594864865 -0.000171350558498
194.795055055 -0.000170799416099
194.995245245 -0.000170250640029
195.195435435 -0.000169704312927
195.395625626 -0.000169160517066
195.595815816 -0.000168619334039
195.796006006 -0.000168080844445
195.996196196 -0.000167545127567
196.196386386 -0.000167012261063
196.396576577 -0.000166482320656
196.596766767 -0.000165955379826
196.796956957 -0.000165431509512
196.997147147 -0.000164910777819
197.197337337 -0.00016439324973
197.397527528 -0.000163878986833
197.597717718 -0.000163368047055
197.797907908 -0.000162860484408
197.998098098 -0.000162356348749
198.198288288 -0.000161855685554
198.398478478 -0.000161358535706
198.598668669 -0.000160864935306
198.798858859 -0.000160374915494
198.999049049 -0.000159888502297
199.199239239 -0.000159405716488
199.399429429 -0.000158926573482
199.59961962 -0.000158451083236
199.79980981 -0.000157979250185
200.0 -0.000157511073202
