0.000000000000000000e+00 2.451540000000000033e-11
5.000000000000000278e-02 2.451540000000000033e-11
1.000000000000000056e-01 1.335330012257699870e-03
1.500000000000000222e-01 2.670660000000000048e-03
2.000000000000000111e-01 5.341310000000001022e-03
2.500000000000000000e-01 8.011960000000000262e-03
3.000000000000000444e-01 1.451008000000000679e-02
3.500000000000000333e-01 2.100820000000001853e-02
4.000000000000000222e-01 3.133369999999999905e-02
4.500000000000000111e-01 4.165920000000000040e-02
5.000000000000000000e-01 5.163179999999999853e-02
5.500000000000000444e-01 6.160440000000000360e-02
6.000000000000000888e-01 7.122410000000004016e-02
6.500000000000000222e-01 8.084380000000002120e-02
7.000000000000000666e-01 9.301410000000003009e-02
7.500000000000000000e-01 1.051843999999999973e-01
8.000000000000000444e-01 1.199053000000000202e-01
8.500000000000000888e-01 1.346261999999999459e-01
9.000000000000000222e-01 1.442385999999999946e-01
9.500000000000000666e-01 1.538510000000000155e-01
1.000000000000000000e+00 1.583547000000069815e-01
1.050000000000000044e+00 1.863701938301351113e+00
1.100000000000000089e+00 1.204820043700012455e+01
1.150000000000000133e+00 3.531014504486244476e+01
1.200000000000000178e+00 7.080677878535048819e+01
1.250000000000000000e+00 1.115268924646836695e+02
1.300000000000000044e+00 1.455826866688088330e+02
1.350000000000000089e+00 1.730449208499585438e+02
1.400000000000000133e+00 1.890008234725444254e+02
1.450000000000000178e+00 1.995017940580099776e+02
1.500000000000000000e+00 2.069905439450434415e+02
1.550000000000000044e+00 2.119530129458319152e+02
1.600000000000000089e+00 2.165021069117093475e+02
1.650000000000000133e+00 2.201113551291185217e+02
1.700000000000000178e+00 2.207857799380804522e+02
1.750000000000000000e+00 2.219719999999999800e+02
1.800000000000000044e+00 2.193290000000000077e+02
1.850000000000000089e+00 2.166860000000000070e+02
1.900000000000000133e+00 2.136189999999999714e+02
1.950000000000000178e+00 2.105519999999999925e+02
2.000000000000000000e+00 2.070619999999999834e+02
2.050000000000000266e+00 2.035719999999999175e+02
2.100000000000000089e+00 1.974318999999999846e+02
2.149999999999999911e+00 1.912918000000000802e+02
2.200000000000000178e+00 1.825027000000000044e+02
2.250000000000000000e+00 1.737135999999999854e+02
2.300000000000000266e+00 1.639202999999999122e+02
2.350000000000000089e+00 1.541269999999998959e+02
2.400000000000000355e+00 1.433295999999998855e+02
2.450000000000000178e+00 1.325322000000000173e+02
2.500000000000000000e+00 1.214920999999999935e+02
2.550000000000000266e+00 1.104519999999998845e+02
2.600000000000000089e+00 9.916910000000000025e+01
2.650000000000000355e+00 8.788620000000000232e+01
2.700000000000000178e+00 7.986549999999999727e+01
2.750000000000000000e+00 7.184479999999999222e+01
2.800000000000000266e+00 6.708619999999994832e+01
2.850000000000000089e+00 6.232759999999995415e+01
2.900000000000000355e+00 5.688199999999995526e+01
2.950000000000000178e+00 5.143640000000000612e+01
3.000000000000000000e+00 4.530370000000000630e+01
3.050000000000000266e+00 3.917099999999996385e+01
3.100000000000000089e+00 3.445859999999999701e+01
3.150000000000000355e+00 2.974619999999999820e+01
3.200000000000000178e+00 2.645400000000000063e+01
3.250000000000000000e+00 2.316179999999999950e+01
3.300000000000000266e+00 2.014474999999997351e+01
3.350000000000000089e+00 1.712769999999997594e+01
3.400000000000000355e+00 1.438567999999997404e+01
3.450000000000000178e+00 1.164366000000000057e+01
3.500000000000000000e+00 9.952329999999999899e+00
3.550000000000000266e+00 8.260999999999993904e+00
3.600000000000000089e+00 7.620359999999999800e+00
3.650000000000000355e+00 6.979720000000000368e+00
3.700000000000000178e+00 6.414979999999999905e+00
3.750000000000000000e+00 5.850239999999999441e+00
3.800000000000000266e+00 5.361409999999995790e+00
3.850000000000000089e+00 4.872579999999994804e+00
3.900000000000000355e+00 4.250549999999994277e+00
3.950000000000000178e+00 3.628519999999999968e+00
4.000000000000000000e+00 2.873299999999999521e+00
4.049999999999999822e+00 2.118079999999999963e+00
4.100000000000000533e+00 1.586055999999995247e+00
4.150000000000000355e+00 1.054032000000000080e+00
4.200000000000000178e+00 7.451950000000000518e-01
4.250000000000000000e+00 4.363580000000000236e-01
4.299999999999999822e+00 2.783191000000000415e-01
4.350000000000000533e+00 1.202801999999998789e-01
4.400000000000000355e+00 1.130400999999999490e-01
4.450000000000000178e+00 1.058000000000000052e-01
4.500000000000000000e+00 9.293499999999998984e-02
4.549999999999999822e+00 8.007000000000000228e-02
4.600000000000000533e+00 6.157999999999983626e-02
4.650000000000000355e+00 4.309000000000000330e-02
4.700000000000000178e+00 3.077006000000000185e-02
4.750000000000000000e+00 1.845012000000000041e-02
4.800000000000000711e+00 1.230007999999989041e-02
4.850000000000000533e+00 6.150040000000000714e-03
4.900000000000000355e+00 6.150040000000000714e-03
