0.000000000000000000e+00 4.847694840819655182e-01
4.999999999999999584e-02 5.269494734445590023e-01
9.999999999999999167e-02 5.705802895822402743e-01
1.499999999999999944e-01 6.156424821104935496e-01
1.999999999999999833e-01 6.621177098130998084e-01
2.499999999999999722e-01 7.099886330693867542e-01
2.999999999999999889e-01 7.592388206666623729e-01
3.499999999999999778e-01 8.098526685866049846e-01
3.999999999999999667e-01 8.618153288341876550e-01
4.499999999999999556e-01 9.151126467480588111e-01
4.999999999999999445e-01 9.697311055201467411e-01
5.499999999999999334e-01 1.025657776879691507e+00
5.999999999999999778e-01 1.082880277077555187e+00
6.499999999999999112e-01 1.141386727451344285e+00
6.999999999999999556e-01 1.201165718968645546e+00
7.499999999999998890e-01 1.262206280240551592e+00
7.999999999999999334e-01 1.324497848575306946e+00
8.499999999999999778e-01 1.388030243705817401e+00
8.999999999999999112e-01 1.452793643877695162e+00
9.499999999999999556e-01 1.518778564028604450e+00
9.999999999999998890e-01 1.585975835826532565e+00
1.049999999999999822e+00 1.654376589365697869e+00
1.099999999999999867e+00 1.723972236344974096e+00
1.149999999999999911e+00 1.794754454576019675e+00
1.199999999999999956e+00 1.866715173687236717e+00
1.250000000000000000e+00 1.939846561905957945e+00
1.299999999999999822e+00 2.014141013815178738e+00
1.349999999999999867e+00 2.089591138993176500e+00
1.399999999999999911e+00 2.166189751454791423e+00
1.449999999999999956e+00 2.243929859822123341e+00
1.499999999999999778e+00 2.322804658160306346e+00
1.549999999999999822e+00 2.402807517420834760e+00
1.599999999999999867e+00 2.483931977440979821e+00
1.649999999999999911e+00 2.566171739453055878e+00
1.699999999999999956e+00 2.649520659061986638e+00
1.749999999999999778e+00 2.733972739653704132e+00
1.799999999999999822e+00 2.819522126200532330e+00
1.849999999999999867e+00 2.906163099432955477e+00
1.899999999999999911e+00 2.993890070349987553e+00
1.949999999999999734e+00 3.082697575042955940e+00
1.999999999999999778e+00 3.172580269809763376e+00
2.049999999999999822e+00 3.263532926538702750e+00
2.099999999999999645e+00 3.355550428342788383e+00
2.149999999999999911e+00 3.448627765427130676e+00
2.199999999999999734e+00 3.542760031173410429e+00
2.250000000000000000e+00 3.637942418426805880e+00
2.299999999999999822e+00 3.734170215971934326e+00
2.349999999999999645e+00 3.831438805185457319e+00
2.399999999999999911e+00 3.929743656853970091e+00
2.449999999999999734e+00 4.029080328146679157e+00
2.500000000000000000e+00 4.129444459733226935e+00
2.549999999999999822e+00 4.230831773037669663e+00
2.599999999999999645e+00 4.333238067620382772e+00
2.649999999999999911e+00 4.436659218680219396e+00
2.699999999999999734e+00 4.541091174669785069e+00
2.749999999999999556e+00 4.646529955017309810e+00
2.799999999999999822e+00 4.752971647948907474e+00
2.849999999999999645e+00 4.860412408405590412e+00
2.899999999999999911e+00 4.968848456049705042e+00
2.949999999999999734e+00 5.078276073355847409e+00
2.999999999999999556e+00 5.188691603781672157e+00
3.049999999999999822e+00 5.300091450014256189e+00
3.099999999999999645e+00 5.412472072288021074e+00
3.149999999999999911e+00 5.525829986770447455e+00
3.199999999999999734e+00 5.640161764012063372e+00
3.249999999999999556e+00 5.755464027457416698e+00
3.299999999999999822e+00 5.871733452013896404e+00
3.349999999999999645e+00 5.988966762675584476e+00
3.399999999999999911e+00 6.107160733199346936e+00
3.449999999999999734e+00 6.226312184830606000e+00
3.499999999999999556e+00 6.346417985076468149e+00
3.549999999999999822e+00 6.467475046523819771e+00
3.599999999999999645e+00 6.589480325700363572e+00
3.649999999999999911e+00 6.712430821976548501e+00
3.699999999999999734e+00 6.836323576506470268e+00
3.749999999999999556e+00 6.961155671206030959e+00
3.799999999999999822e+00 7.086924227766568940e+00
