0.0 0.000940825
0.05 0.0049449
0.1 0.012949
0.15 0.0241494
0.2 0.037844
0.25 0.0490444
0.3 0.0570488
0.35 0.0610618
0.4 0.0620381
0.45 0.0626106
0.5 0.0636273
0.55 0.0651055
0.6 0.0671349
0.65 0.0696253
0.7 0.0729923
0.75 0.0779021
0.8 0.0844606
0.85 0.090831
0.9 0.0970238
0.95 0.102946
1.0 0.109032
1.05 0.114954
1.1 0.121148
1.15 0.127544
1.2 0.134428
1.25 0.140825
1.3 0.147017
1.35 0.152904
1.4 0.158556
1.45 0.162453
1.5 0.164374
1.55 0.163916
1.6 0.161416
1.65 0.158504
1.7 0.155462
1.75 0.152509
1.8 0.149509
1.85 146.739
1.9 143.929
1.95 140.776
2.0 137.106
2.05 133.626
2.1 130.323
2.15 127.503
2.2 124.895
2.25 122.171
2.3 119.026
2.35 115.627
2.4 111.784
2.45 107.757
2.5 103.446
2.55 99.5192
2.6 95.8999
2.65 92.8711
2.7 90.0212
2.75 86.659
2.8 82.4708
2.85 78.163
2.9 73.7723
2.95 70.0255
3.0 66.6865
3.05 63.4201
3.1 59.8913
3.15 56.3434
3.2 52.5692
3.25 48.731
3.3 44.6596
3.35 40.8356
3.4 37.2344
3.45 34.4723
3.5 32.3611
3.55 30.521
3.6 28.6705
3.65 26.7569
3.7 23.7506
3.75 17.0085
3.8 7.22927
